0	0	-2.51327
-1.25664	-1.25664	-1.25664
0	-1.25664	-1.25664
1.25664	-1.25664	-1.25664
-1.25664	0	-1.25664
0	0	-1.25664
1.25664	0	-1.25664
-1.25664	1.25664	-1.25664
0	1.25664	-1.25664
1.25664	1.25664	-1.25664
0	-2.51327	0
-1.25664	-1.25664	0
0	-1.25664	0
1.25664	-1.25664	0
-2.51327	0	0
-1.25664	0	0
0	0	0
1.25664	0	0
2.51327	0	0
-1.25664	1.25664	0
0	1.25664	0
1.25664	1.25664	0
0	2.51327	0
-1.25664	-1.25664	1.25664
0	-1.25664	1.25664
1.25664	-1.25664	1.25664
-1.25664	0	1.25664
0	0	1.25664
1.25664	0	1.25664
-1.25664	1.25664	1.25664
0	1.25664	1.25664
1.25664	1.25664	1.25664
0	0	2.51327
