0	0	0	-10.001	-0.090649	-0.177411	-0.416721	-0.757168	-0.416721	-0.177411	-0.090649
0	0	0	2.33549	-0.0357909	-0.0839732	-0.436725	1.09111	-0.436725	-0.0839732	-0.0357909
0	0	0	21.0944	nan	nan	nan	nan	nan	nan	nan
0	0	0	59.2412	nan	nan	nan	nan	nan	nan	nan
0.0146461	0	0	-10.001	-0.0911846	-0.178779	-0.420489	-0.757118	-0.412995	-0.176062	-0.0901206
0.0146461	0	0	2.33517	-0.0359426	-0.0846583	-0.448023	1.08874	-0.423617	-0.0828543	-0.0354511
0.0146461	0	0	8.17154	-0.00178132	-0.00477832	0.706101	0.0141432	-0.708269	-0.00465257	-0.0017548
0.0146461	0	0	21.0913	-0.114765	-0.52931	0.455726	0.282709	0.467402	-0.500281	-0.112639
0.0146461	0	0	32.6865	-0.00574133	0.700772	0.00938918	0.0070891	0.00951519	-0.717407	-0.00560516
0.0146461	0	0	59.2309	-0.80458	0.413572	0.216987	0.187654	0.218381	0.423882	-0.75126
0.0146461	0	0	73.5476	0.72251	0.00881296	0.00553895	0.00493592	0.00556671	0.00895507	-0.759434
0.0292922	0	0	-10.001	-0.0917276	-0.180167	-0.424301	-0.756967	-0.409311	-0.174733	-0.0895994
0.0292922	0	0	2.33422	-0.0360285	-0.085194	-0.458946	1.08541	-0.410297	-0.0816019	-0.0350497
0.0292922	0	0	8.17474	-0.00359093	-0.00969089	0.70525	0.0282928	-0.709572	-0.00918744	-0.00348479
0.0292922	0	0	21.0821	-0.119299	-0.56085	0.463987	0.291333	0.488092	-0.501031	-0.114921
0.0292922	0	0	32.7005	-0.0117244	0.698554	0.0188021	0.0142917	0.0193099	-0.732068	-0.0111746
0.0292922	0	0	59.1999	-1.46954	0.722507	0.382244	0.331596	0.387172	0.75903	-1.28143
0.0292922	0	0	73.5866	1.07533	0.0266329	0.0168351	0.0150405	0.0170041	0.0274979	-1.18784
0.0439384	0	0	-10.001	-0.0922779	-0.181575	-0.428155	-0.756716	-0.40567	-0.173422	-0.0890852
0.0439384	0	0	2.33263	-0.036049	-0.0855799	-0.469473	1.08116	-0.396818	-0.0802247	-0.0345901
0.0439384	0	0	8.18006	-0.00543053	-0.0147464	0.704547	0.0424539	-0.710997	-0.0136119	-0.00519153
0.0439384	0	0	21.0669	-0.123979	-0.594206	0.47263	0.300266	0.510004	-0.501751	-0.117219
0.0439384	0	0	32.7236	-0.0180775	0.700913	0.0284113	0.0217417	0.0295693	-0.751841	-0.0168201
0.0439384	0	0	59.1488	nan	nan	nan	nan	nan	nan	nan
0.0439384	0	0	73.6512	nan	nan	nan	nan	nan	nan	nan
0.0585845	0	0	-10.001	-0.0928358	-0.183003	-0.432053	-0.756364	-0.40207	-0.17213	-0.0885779
0.0585845	0	0	2.33043	-0.0360053	-0.0858167	-0.479586	1.07605	-0.383232	-0.0787324	-0.0340757
0.0585845	0	0	8.18749	-0.00730172	-0.0199534	0.703982	0.0566308	-0.71252	-0.0179325	-0.00687635
0.0585845	0	0	21.0457	-0.128788	-0.629385	0.481588	0.309474	0.533156	-0.502379	-0.119514
0.0585845	0	0	32.7559	-0.0249675	0.708613	0.038433	0.0296098	0.0405336	-0.777863	-0.0226771
0.0585845	0	0	59.0781	nan	nan	nan	nan	nan	nan	nan
0.0585845	0	0	73.7408	nan	nan	nan	nan	nan	nan	nan
0.0732306	0	0	-10.001	-0.0934012	-0.184452	-0.435993	-0.755912	-0.398513	-0.170856	-0.0880775
0.0732306	0	0	2.32761	-0.035899	-0.0859063	-0.489275	1.07013	-0.369592	-0.077135	-0.0335104
0.0732306	0	0	8.19699	-0.00920591	-0.0253207	0.703542	0.0708262	-0.714115	-0.0221549	-0.00854037
0.0732306	0	0	21.0188	-0.133702	-0.666355	0.490768	0.318906	0.557538	-0.502829	-0.121782
0.0732306	0	0	32.7971	-0.0326245	0.722873	0.0491575	0.038129	0.0525341	-0.811868	-0.0289231
0.0732306	0	0	58.9884	nan	nan	nan	nan	nan	nan	nan
0.0732306	0	0	73.8547	nan	nan	nan	nan	nan	nan	nan
0.0878767	0	0	-10.001	-0.0939743	-0.185921	-0.439975	-0.755359	-0.394996	-0.169599	-0.0875836
0.0878767	0	0	2.3242	-0.035732	-0.0858517	-0.498534	1.06347	-0.355949	-0.0754432	-0.0328983
0.0878767	0	0	8.20855	-0.0111444	-0.0308566	0.703214	0.0850414	-0.715754	-0.0262838	-0.0101844
0.0878767	0	0	20.9862	-0.138689	-0.705026	0.500048	0.328487	0.583105	-0.502996	-0.123994
0.0878767	0	0	32.8471	-0.0413861	0.745652	0.0610039	0.0476385	0.0660584	-0.856571	-0.0358095
0.0878767	0	0	58.8809	nan	nan	nan	nan	nan	nan	nan
0.0878767	0	0	73.992	nan	nan	nan	nan	nan	nan	nan
0.102523	0	0	-10.001	-0.0945549	-0.187411	-0.443999	-0.754706	-0.39152	-0.16836	-0.0870963
0.102523	0	0	2.32021	-0.0355066	-0.085657	-0.507363	1.05613	-0.342352	-0.0736678	-0.0322438
0.102523	0	0	8.22213	-0.0131181	-0.0365694	0.70298	0.0992757	-0.717405	-0.0303231	-0.0118092
0.102523	0	0	20.9481	-0.143702	-0.745242	0.509268	0.338118	0.60976	-0.502748	-0.126109
0.102523	0	0	32.9056	-0.0517819	0.780216	0.0746247	0.0586701	0.0818737	-0.916424	-0.0437233
0.102523	0	0	58.7565	nan	nan	nan	nan	nan	nan	nan
0.102523	0	0	74.1516	nan	nan	nan	nan	nan	nan	nan
0.117169	0	0	-10.001	-0.0951433	-0.188923	-0.448066	-0.753953	-0.388085	-0.167139	-0.0866154
0.117169	0	0	2.31567	-0.0352256	-0.0853267	-0.515764	1.04818	-0.328846	-0.0718196	-0.0315511
0.117169	0	0	8.23767	-0.0151278	-0.0424669	0.702821	0.113527	-0.719035	-0.034276	-0.0134148
0.117169	0	0	20.9049	-0.148681	-0.786755	0.518228	0.347665	0.637345	-0.501925	-0.128078
0.117169	0	0	32.9724	-0.0647157	0.832375	0.0911309	0.0721319	0.101295	-0.999272	-0.0533181
0.117169	0	0	58.6163	nan	nan	nan	nan	nan	nan	nan
0.117169	0	0	74.3324	nan	nan	nan	nan	nan	nan	nan
0.131815	0	0	-10.001	-0.0957394	-0.190455	-0.452174	-0.7531	-0.384689	-0.165934	-0.0861407
0.131815	0	0	2.31059	-0.0348917	-0.0848662	-0.523747	1.03969	-0.315475	-0.0699092	-0.0308246
0.131815	0	0	8.25514	-0.017174	-0.0485566	0.702718	0.12779	-0.720611	-0.0381446	-0.0150015
0.131815	0	0	20.8568	-0.15355	-0.829208	0.526681	0.356957	0.665626	-0.500338	-0.129844
0.131815	0	0	33.0473	-0.0819166	0.913601	0.11265	0.0897662	0.126846	-1.12051	-0.0658411
0.131815	0	0	58.4617	nan	nan	nan	nan	nan	nan	nan
0.131815	0	0	74.5333	nan	nan	nan	nan	nan	nan	nan
0.146461	0	0	-10.001	-0.0963432	-0.192009	-0.456323	-0.752147	-0.381332	-0.164745	-0.085672
0.146461	0	0	2.305	-0.0345079	-0.0842811	-0.531322	1.03074	-0.302276	-0.0679471	-0.0300686
0.146461	0	0	8.27448	-0.0192568	-0.0548453	0.70265	0.14206	-0.722095	-0.0419302	-0.0165689
0.146461	0	0	20.804	-0.158212	-0.872117	0.53433	0.365787	0.69428	-0.497769	-0.131335
0.146461	0	0	33.1298	-0.107311	1.05067	0.144033	0.115546	0.164285	-1.31585	-0.0841301
0.146461	0	0	58.2938	nan	nan	nan	nan	nan	nan	nan
0.146461	0	0	74.7532	nan	nan	nan	nan	nan	nan	nan
0.161107	0	0	-10.001	-0.0969548	-0.193584	-0.460512	-0.751094	-0.378014	-0.163572	-0.0852093
0.161107	0	0	2.29893	-0.0340774	-0.0835775	-0.538506	1.02139	-0.289284	-0.0659431	-0.0292874
0.161107	0	0	8.29563	-0.021376	-0.0613395	0.702594	0.156329	-0.723451	-0.0456333	-0.0181165
0.161107	0	0	20.7468	-0.162555	-0.914859	0.540835	0.373907	0.722887	-0.493982	-0.132473
0.161107	0	0	33.2198	-0.152975	1.32804	0.20029	0.161751	0.23139	-1.69751	-0.116957
0.161107	0	0	58.1139	nan	nan	nan	nan	nan	nan	nan
0.161107	0	0	74.9907	nan	nan	nan	nan	nan	nan	nan
0.175753	0	0	-10.001	-0.097574	-0.195181	-0.464741	-0.749942	-0.374734	-0.162414	-0.0847523
0.175753	0	0	2.2924	-0.0336032	-0.0827615	-0.545315	1.01172	-0.276529	-0.0639066	-0.0284848
0.175753	0	0	8.31852	-0.0235311	-0.0680447	0.702527	0.170585	-0.724642	-0.0492536	-0.0196435
0.175753	0	0	20.6857	-0.16645	-0.956672	0.54582	0.381035	0.750926	-0.488729	-0.133173
0.175753	0	0	33.3167	-0.300726	2.33403	0.383883	0.312082	0.449149	-3.04315	-0.224172
0.175753	0	0	57.9231	nan	nan	nan	nan	nan	nan	nan
0.175753	0	0	75.2448	nan	nan	nan	nan	nan	nan	nan
0.1904	0	0	-10.001	-0.098201	-0.196799	-0.469009	-0.74869	-0.371491	-0.161272	-0.0843008
0.1904	0	0	2.28546	-0.0330884	-0.0818393	-0.551768	1.00179	-0.264036	-0.0618465	-0.0276647
0.1904	0	0	8.34307	-0.0257211	-0.0749659	0.702427	0.184818	-0.72563	-0.0527903	-0.0211489
0.1904	0	0	20.6208	-0.169757	-0.996668	0.54889	0.386867	0.777794	-0.481769	-0.133346
0.1904	0	0	33.4204	nan	nan	nan	nan	nan	nan	nan
0.1904	0	0	57.7228	nan	nan	nan	nan	nan	nan	nan
0.1904	0	0	75.5143	nan	nan	nan	nan	nan	nan	nan
0.205046	0	0	-10.001	-0.0988357	-0.198439	-0.473315	-0.747338	-0.368285	-0.160144	-0.0838547
0.205046	0	0	2.27813	-0.0325359	-0.0808169	-0.557887	0.991649	-0.251828	-0.0597707	-0.0268307
0.205046	0	0	8.36922	-0.0279448	-0.0821074	0.702271	0.199014	-0.726377	-0.0562415	-0.0226312
0.205046	0	0	20.5525	-0.172332	-1.03387	0.54966	0.391096	0.802823	-0.472894	-0.132911
0.205046	0	0	33.5303	nan	nan	nan	nan	nan	nan	nan
0.205046	0	0	57.5139	nan	nan	nan	nan	nan	nan	nan
0.205046	0	0	75.7982	nan	nan	nan	nan	nan	nan	nan
0.219692	0	0	-10.001	-0.099478	-0.200101	-0.477658	-0.745888	-0.365115	-0.159031	-0.0834138
0.219692	0	0	2.27045	-0.0319487	-0.0797003	-0.563694	0.981368	-0.239922	-0.0576867	-0.025986
0.219692	0	0	8.39687	-0.0302005	-0.0894724	0.702034	0.213157	-0.726845	-0.059605	-0.024089
0.219692	0	0	20.4812	-0.174041	-1.06728	0.547788	0.393434	0.825329	-0.46195	-0.131797
0.219692	0	0	33.6462	nan	nan	nan	nan	nan	nan	nan
0.219692	0	0	57.2977	nan	nan	nan	nan	nan	nan	nan
0.219692	0	0	76.0956	nan	nan	nan	nan	nan	nan	nan
0.234338	0	0	-10.001	-0.100128	-0.201785	-0.482036	-0.74434	-0.361979	-0.157931	-0.0829779
0.234338	0	0	2.26245	-0.0313295	-0.078495	-0.569211	0.970996	-0.228332	-0.0556013	-0.0251337
0.234338	0	0	8.42595	-0.0324862	-0.0970635	0.701695	0.227232	-0.726999	-0.062878	-0.0255204
0.234338	0	0	20.4072	-0.174771	-1.09594	0.543012	0.393645	0.844668	-0.44887	-0.129957
0.234338	0	0	33.7676	nan	nan	nan	nan	nan	nan	nan
0.234338	0	0	57.0751	nan	nan	nan	nan	nan	nan	nan
0.234338	0	0	76.4054	nan	nan	nan	nan	nan	nan	nan
0.248984	0	0	-10.001	-0.100785	-0.20349	-0.48645	-0.742693	-0.358878	-0.156844	-0.0825468
0.248984	0	0	2.25417	-0.0306808	-0.0772065	-0.57446	0.960579	-0.217067	-0.0535203	-0.0242766
0.248984	0	0	8.45634	-0.0347992	-0.104882	0.701231	0.241219	-0.726801	-0.0660571	-0.0269236
0.248984	0	0	20.3308	-0.174444	-1.11906	0.535192	0.391571	0.860298	-0.433688	-0.127376
0.248984	0	0	33.8941	nan	nan	nan	nan	nan	nan	nan
0.248984	0	0	56.8471	nan	nan	nan	nan	nan	nan	nan
0.248984	0	0	76.7268	nan	nan	nan	nan	nan	nan	nan
0.26363	0	0	-10.001	-0.10145	-0.205217	-0.490897	-0.740948	-0.35581	-0.155771	-0.0821203
0.26363	0	0	2.24565	-0.030005	-0.0758396	-0.579465	0.950162	-0.206135	-0.0514492	-0.0234169
0.26363	0	0	8.48797	-0.0371368	-0.112929	0.700619	0.255101	-0.726218	-0.0691384	-0.0282962
0.26363	0	0	20.2524	-0.173029	-1.13607	0.524328	0.387155	0.871844	-0.416554	-0.124069
0.26363	0	0	34.0254	nan	nan	nan	nan	nan	nan	nan
0.26363	0	0	56.6147	nan	nan	nan	nan	nan	nan	nan
0.26363	0	0	77.0591	nan	nan	nan	nan	nan	nan	nan
0.278276	0	0	-10.001	-0.102123	-0.206966	-0.495376	-0.739106	-0.352775	-0.15471	-0.0816983
0.278276	0	0	2.23692	-0.0293044	-0.0743988	-0.584248	0.939782	-0.19554	-0.0493925	-0.0225571
0.278276	0	0	8.52072	-0.0394957	-0.121203	0.699838	0.268855	-0.725216	-0.0721178	-0.0296361
0.278276	0	0	20.1723	-0.170543	-1.14668	0.510569	0.380452	0.879134	-0.397723	-0.120092
0.278276	0	0	34.161	nan	nan	nan	nan	nan	nan	nan
0.278276	0	0	56.3787	nan	nan	nan	nan	nan	nan	nan
0.278276	0	0	77.4014	nan	nan	nan	nan	nan	nan	nan
0.292922	0	0	-10.001	-0.102802	-0.208736	-0.499887	-0.737167	-0.349772	-0.153661	-0.0812806
0.292922	0	0	2.22803	-0.0285809	-0.0728882	-0.588831	0.929474	-0.185283	-0.0473543	-0.021699
0.292922	0	0	8.55449	-0.0418723	-0.129704	0.69887	0.282463	-0.723765	-0.0749908	-0.0309408
0.292922	0	0	20.0908	-0.167056	-1.15094	0.494207	0.371623	0.882219	-0.37754	-0.115529
0.292922	0	0	34.3004	nan	nan	nan	nan	nan	nan	nan
0.292922	0	0	56.1399	nan	nan	nan	nan	nan	nan	nan
0.292922	0	0	77.7532	nan	nan	nan	nan	nan	nan	nan
0.307569	0	0	-10.001	-0.103489	-0.210528	-0.504426	-0.735131	-0.346801	-0.152624	-0.0808669
0.307569	0	0	2.219	-0.0278364	-0.0713116	-0.593235	0.919268	-0.175363	-0.045338	-0.0208444
0.307569	0	0	8.58916	-0.0442626	-0.138428	0.697693	0.295901	-0.721835	-0.0777527	-0.0322077
0.307569	0	0	20.0083	-0.162676	-1.1492	0.475638	0.36092	0.881361	-0.356401	-0.110489
0.307569	0	0	34.4434	nan	nan	nan	nan	nan	nan	nan
0.307569	0	0	55.8992	nan	nan	nan	nan	nan	nan	nan
0.307569	0	0	78.1137	nan	nan	nan	nan	nan	nan	nan
0.322215	0	0	-10.001	-0.104183	-0.212342	-0.508993	-0.733	-0.343859	-0.151598	-0.080457
0.322215	0	0	2.20988	-0.0270724	-0.0696722	-0.59748	0.909189	-0.165777	-0.0433465	-0.0199946
0.322215	0	0	8.62461	-0.0466621	-0.147372	0.69629	0.309149	-0.7194	-0.0803986	-0.0334343
0.322215	0	0	19.9251	-0.157544	-1.14203	0.455328	0.348652	0.876987	-0.334723	-0.105094
0.322215	0	0	34.5894	nan	nan	nan	nan	nan	nan	nan
0.322215	0	0	55.6572	nan	nan	nan	nan	nan	nan	nan
0.322215	0	0	78.4826	nan	nan	nan	nan	nan	nan	nan
0.336861	0	0	-10.001	-0.104884	-0.214176	-0.513585	-0.730773	-0.340947	-0.150583	-0.0800509
0.336861	0	0	2.20071	-0.0262904	-0.0679727	-0.601585	0.899258	-0.156522	-0.0413822	-0.019151
0.336861	0	0	8.66073	-0.0490662	-0.156531	0.694645	0.322183	-0.716436	-0.0829236	-0.0346179
0.336861	0	0	19.8414	-0.151813	-1.13019	0.433762	0.335161	0.869643	-0.312908	-0.0994669
0.336861	0	0	34.7381	nan	nan	nan	nan	nan	nan	nan
0.336861	0	0	55.4147	nan	nan	nan	nan	nan	nan	nan
0.336861	0	0	78.8591	nan	nan	nan	nan	nan	nan	nan
0.351507	0	0	-10.001	-0.105592	-0.216032	-0.518202	-0.728452	-0.338064	-0.149578	-0.0796483
0.351507	0	0	2.19151	-0.0254916	-0.0662155	-0.60557	0.889496	-0.147591	-0.039447	-0.0183147
0.351507	0	0	8.6974	-0.05147	-0.165899	0.692742	0.334982	-0.712922	-0.0853227	-0.0357558
0.351507	0	0	19.7577	-0.145638	-1.11454	0.411411	0.320784	0.859928	-0.29131	-0.0937235
0.351507	0	0	34.8889	nan	nan	nan	nan	nan	nan	nan
0.351507	0	0	55.1723	nan	nan	nan	nan	nan	nan	nan
0.351507	0	0	79.2429	nan	nan	nan	nan	nan	nan	nan
0.366153	0	0	-10.001	-0.106307	-0.217909	-0.522841	-0.726037	-0.335209	-0.148583	-0.0792489
0.366153	0	0	2.18234	-0.0246772	-0.0644026	-0.60945	0.879916	-0.138977	-0.0375424	-0.0174865
0.366153	0	0	8.73447	-0.053868	-0.175469	0.690567	0.347524	-0.708839	-0.087591	-0.0368454
0.366153	0	0	19.6741	-0.139162	-1.09591	0.388697	0.305835	0.848446	-0.270224	-0.0879654
0.366153	0	0	35.0415	nan	nan	nan	nan	nan	nan	nan
0.366153	0	0	54.9308	nan	nan	nan	nan	nan	nan	nan
0.366153	0	0	79.6336	nan	nan	nan	nan	nan	nan	nan
0.380799	0	0	-10.001	-0.107028	-0.219806	-0.527499	-0.723529	-0.332382	-0.147598	-0.0788527
0.380799	0	0	2.17321	-0.023848	-0.0625356	-0.613244	0.870531	-0.130673	-0.0356697	-0.0166671
0.380799	0	0	8.77182	-0.0562548	-0.185233	0.688109	0.359787	-0.704173	-0.0897237	-0.037884
0.380799	0	0	19.5911	-0.132514	-1.07513	0.365976	0.290588	0.835764	-0.249879	-0.0822767
0.380799	0	0	35.1954	nan	nan	nan	nan	nan	nan	nan
0.380799	0	0	54.6908	nan	nan	nan	nan	nan	nan	nan
0.380799	0	0	80.0307	nan	nan	nan	nan	nan	nan	nan
0.395445	0	0	-10.001	-0.107756	-0.221725	-0.532176	-0.720929	-0.329581	-0.146622	-0.0784594
0.395445	0	0	2.16418	-0.0230049	-0.0606155	-0.616967	0.86135	-0.122669	-0.0338297	-0.0158572
0.395445	0	0	8.80932	-0.0586246	-0.195182	0.685355	0.371751	-0.698913	-0.0917162	-0.0388691
0.395445	0	0	19.5088	-0.125799	-1.05291	0.343537	0.27527	0.822387	-0.230436	-0.0767226
0.395445	0	0	35.3501	nan	nan	nan	nan	nan	nan	nan
0.395445	0	0	54.4528	nan	nan	nan	nan	nan	nan	nan
0.395445	0	0	80.4339	nan	nan	nan	nan	nan	nan	nan
0.410091	0	0	-10.001	-0.108491	-0.223664	-0.536868	-0.718237	-0.326805	-0.145655	-0.0780689
0.410091	0	0	2.15527	-0.0221483	-0.0586432	-0.620632	0.852382	-0.114956	-0.0320229	-0.0150572
0.410091	0	0	8.84681	-0.0609715	-0.205305	0.682299	0.383396	-0.693051	-0.0935641	-0.0397983
0.410091	0	0	19.4275	-0.119101	-1.02987	0.321596	0.260056	0.808748	-0.211998	-0.0713507
0.410091	0	0	35.5052	nan	nan	nan	nan	nan	nan	nan
0.410091	0	0	54.2176	nan	nan	nan	nan	nan	nan	nan
0.410091	0	0	80.8429	nan	nan	nan	nan	nan	nan	nan
0.424737	0	0	-10.001	-0.109232	-0.225623	-0.541574	-0.715456	-0.324055	-0.144696	-0.077681
0.424737	0	0	2.14651	-0.021279	-0.0566191	-0.624254	0.843632	-0.107526	-0.0302497	-0.0142675
0.424737	0	0	8.88416	-0.0632892	-0.215591	0.678932	0.394705	-0.686583	-0.0952636	-0.0406691
0.424737	0	0	19.3476	-0.112484	-1.00653	0.300304	0.245079	0.795199	-0.194616	-0.0661927
0.424737	0	0	35.6602	nan	nan	nan	nan	nan	nan	nan
0.424737	0	0	53.9858	nan	nan	nan	nan	nan	nan	nan
0.424737	0	0	81.2573	nan	nan	nan	nan	nan	nan	nan
0.439384	0	0	-10.001	-0.109978	-0.227602	-0.546292	-0.712585	-0.321329	-0.143746	-0.0772955
0.439384	0	0	2.13793	-0.0203971	-0.0545435	-0.627846	0.835102	-0.100367	-0.0285101	-0.0134883
0.439384	0	0	8.92123	-0.0655718	-0.226028	0.675249	0.405659	-0.679509	-0.096811	-0.0414796
0.439384	0	0	19.2693	-0.105991	-0.983295	0.279762	0.23043	0.782021	-0.178302	-0.0612672
0.439384	0	0	35.8145	nan	nan	nan	nan	nan	nan	nan
0.439384	0	0	53.7579	nan	nan	nan	nan	nan	nan	nan
0.439384	0	0	81.6771	nan	nan	nan	nan	nan	nan	nan
0.45403	0	0	-10.001	-0.110731	-0.229602	-0.551018	-0.709627	-0.318626	-0.142803	-0.0769123
0.45403	0	0	2.12958	-0.019503	-0.052416	-0.631419	0.826796	-0.0934711	-0.0268041	-0.0127197
0.45403	0	0	8.95786	-0.0678129	-0.236602	0.671248	0.416243	-0.671833	-0.0982032	-0.0422277
0.45403	0	0	19.1929	-0.0996525	-0.960483	0.260023	0.216165	0.769429	-0.163041	-0.0565824
0.45403	0	0	35.9676	nan	nan	nan	nan	nan	nan	nan
0.45403	0	0	53.5346	nan	nan	nan	nan	nan	nan	nan
0.45403	0	0	82.1017	nan	nan	nan	nan	nan	nan	nan
0.468676	0	0	-10.001	-0.11149	-0.23162	-0.55575	-0.706582	-0.315947	-0.141867	-0.0765311
0.468676	0	0	2.12147	-0.0185969	-0.0502361	-0.634985	0.818713	-0.0868269	-0.0251315	-0.0119618
0.468676	0	0	8.99391	-0.0700063	-0.247299	0.666926	0.426444	-0.663562	-0.0994376	-0.0429116
0.468676	0	0	19.1185	-0.0934838	-0.938328	0.241109	0.202317	0.757583	-0.148792	-0.0521387
0.468676	0	0	36.119	nan	nan	nan	nan	nan	nan	nan
0.468676	0	0	53.3166	nan	nan	nan	nan	nan	nan	nan
0.468676	0	0	82.5312	nan	nan	nan	nan	nan	nan	nan
0.483322	0	0	-10.001	-0.112254	-0.233659	-0.560486	-0.703452	-0.31329	-0.140939	-0.0761519
0.483322	0	0	2.11363	-0.0176789	-0.0480033	-0.638553	0.810852	-0.0804247	-0.0234919	-0.0112147
0.483322	0	0	9.02922	-0.0721458	-0.258104	0.662285	0.43625	-0.654709	-0.100512	-0.0435298
0.483322	0	0	19.0465	-0.0874914	-0.917002	0.223014	0.188893	0.746596	-0.135506	-0.0479304
0.483322	0	0	36.2682	nan	nan	nan	nan	nan	nan	nan
0.483322	0	0	53.1044	nan	nan	nan	nan	nan	nan	nan
0.483322	0	0	82.9651	nan	nan	nan	nan	nan	nan	nan
0.497968	0	0	-10.001	-0.113024	-0.235716	-0.565223	-0.700238	-0.310655	-0.140017	-0.0757746
0.497968	0	0	2.10609	-0.0167488	-0.0457162	-0.642135	0.803213	-0.0742547	-0.0218848	-0.0104783
0.497968	0	0	9.06365	-0.0742254	-0.269002	0.657326	0.445652	-0.64529	-0.101425	-0.044081
0.497968	0	0	18.9771	-0.0816737	-0.896622	0.205715	0.175888	0.736547	-0.123121	-0.0439481
0.497968	0	0	36.4144	nan	nan	nan	nan	nan	nan	nan
0.497968	0	0	52.8988	nan	nan	nan	nan	nan	nan	nan
0.497968	0	0	83.4035	nan	nan	nan	nan	nan	nan	nan
0.512614	0	0	-10.001	-0.1138	-0.237793	-0.569959	-0.696942	-0.308041	-0.139102	-0.0753989
0.512614	0	0	2.09888	-0.0158067	-0.0433738	-0.645738	0.795791	-0.0683073	-0.0203097	-0.00975252
0.512614	0	0	9.09703	-0.076239	-0.279975	0.652054	0.454642	-0.635323	-0.102177	-0.0445642
0.512614	0	0	18.9106	-0.0760236	-0.877263	0.189176	0.163285	0.727484	-0.111572	-0.0401796
0.512614	0	0	36.5572	nan	nan	nan	nan	nan	nan	nan
0.512614	0	0	52.7004	nan	nan	nan	nan	nan	nan	nan
0.512614	0	0	83.846	nan	nan	nan	nan	nan	nan	nan
0.52726	0	0	-10.001	-0.114581	-0.239888	-0.57469	-0.693565	-0.305448	-0.138193	-0.0750247
0.52726	0	0	2.09202	-0.0148524	-0.0409743	-0.649372	0.788584	-0.0625728	-0.0187658	-0.00903722
0.52726	0	0	9.12922	-0.0781811	-0.291008	0.646474	0.463216	-0.624832	-0.102765	-0.0449788
0.52726	0	0	18.8471	-0.0705297	-0.858968	0.173353	0.151058	0.719435	-0.100793	-0.036611
0.52726	0	0	36.6959	nan	nan	nan	nan	nan	nan	nan
0.52726	0	0	52.5099	nan	nan	nan	nan	nan	nan	nan
0.52726	0	0	84.2926	nan	nan	nan	nan	nan	nan	nan
0.541906	0	0	-10.001	-0.115366	-0.242002	-0.579415	-0.690108	-0.302874	-0.13729	-0.0746519
0.541906	0	0	2.08553	-0.0138857	-0.0385161	-0.653044	0.781587	-0.0570419	-0.0172525	-0.00833224
0.541906	0	0	9.16008	-0.080046	-0.302082	0.640595	0.47137	-0.613843	-0.103193	-0.0453243
0.541906	0	0	18.7868	-0.0651776	-0.841758	0.158197	0.139176	0.71241	-0.0907184	-0.0332276
0.541906	0	0	36.8298	nan	nan	nan	nan	nan	nan	nan
0.541906	0	0	52.328	nan	nan	nan	nan	nan	nan	nan
0.541906	0	0	84.7431	nan	nan	nan	nan	nan	nan	nan
0.556553	0	0	-10.001	-0.116157	-0.244134	-0.584129	-0.686575	-0.300321	-0.136393	-0.0742805
0.556553	0	0	2.07943	-0.0129062	-0.0359971	-0.656761	0.774796	-0.0517058	-0.0157691	-0.00763739
0.556553	0	0	9.18944	-0.0818287	-0.313181	0.634425	0.479106	-0.602386	-0.103459	-0.0456005
0.556553	0	0	18.7301	-0.0599508	-0.825631	0.143655	0.127604	0.706409	-0.0812862	-0.0300148
0.556553	0	0	36.9583	nan	nan	nan	nan	nan	nan	nan
0.556553	0	0	52.1554	nan	nan	nan	nan	nan	nan	nan
0.556553	0	0	85.1973	nan	nan	nan	nan	nan	nan	nan
0.571199	0	0	-10.001	-0.116953	-0.246285	-0.588832	-0.682966	-0.297787	-0.135501	-0.0739102
0.571199	0	0	2.07375	-0.0119137	-0.033415	-0.660532	0.768206	-0.0465556	-0.0143147	-0.00695244
0.571199	0	0	9.21717	-0.0835243	-0.324288	0.627975	0.486425	-0.590494	-0.103568	-0.0458078
0.571199	0	0	18.6771	-0.0548313	-0.810577	0.129676	0.116307	0.70142	-0.0724358	-0.0269576
0.571199	0	0	37.0807	nan	nan	nan	nan	nan	nan	nan
0.571199	0	0	51.9928	nan	nan	nan	nan	nan	nan	nan
0.571199	0	0	85.6551	nan	nan	nan	nan	nan	nan	nan
0.585845	0	0	-10.001	-0.117754	-0.248453	-0.593518	-0.679284	-0.295271	-0.134615	-0.073541
0.585845	0	0	2.0685	-0.0109078	-0.0307674	-0.664362	0.76181	-0.041583	-0.0128886	-0.00627717
0.585845	0	0	9.24313	-0.0851284	-0.335383	0.621257	0.493333	-0.578203	-0.10352	-0.0459466
0.585845	0	0	18.6279	-0.0498004	-0.796572	0.11621	0.105246	0.697429	-0.0641109	-0.0240419
0.585845	0	0	37.1963	nan	nan	nan	nan	nan	nan	nan
0.585845	0	0	51.841	nan	nan	nan	nan	nan	nan	nan
0.585845	0	0	86.1164	nan	nan	nan	nan	nan	nan	nan
0.600491	0	0	-10.001	-0.118559	-0.250639	-0.598187	-0.67553	-0.292774	-0.133733	-0.0731729
0.600491	0	0	2.06369	-0.00988795	-0.0280517	-0.668257	0.755603	-0.0367798	-0.0114899	-0.00561134
0.600491	0	0	9.26719	-0.0866371	-0.346451	0.614284	0.499837	-0.565549	-0.10332	-0.0460178
0.600491	0	0	18.5828	-0.0448387	-0.783591	0.103205	0.0943855	0.694415	-0.056259	-0.0212538
0.600491	0	0	37.3044	nan	nan	nan	nan	nan	nan	nan
0.600491	0	0	51.7008	nan	nan	nan	nan	nan	nan	nan
0.600491	0	0	86.5812	nan	nan	nan	nan	nan	nan	nan
0.615137	0	0	-10.001	-0.119369	-0.252842	-0.602834	-0.671707	-0.290295	-0.132857	-0.0728056
0.615137	0	0	2.05935	-0.00885382	-0.0252649	-0.672223	0.749577	-0.0321383	-0.0101177	-0.00495467
0.615137	0	0	9.28921	-0.0880468	-0.357473	0.607071	0.505948	-0.552573	-0.102972	-0.0460224
0.615137	0	0	18.542	-0.0399264	-0.771599	0.0906153	0.0836882	0.692355	-0.0488313	-0.0185804
0.615137	0	0	37.4044	-1.43057	1.4284	0.700997	0.675516	1.16074	-2.32582	-0.417696
0.615137	0	0	51.5728	nan	nan	nan	nan	nan	nan	nan
0.615137	0	0	87.0493	nan	nan	nan	nan	nan	nan	nan
0.629783	0	0	-10.001	-0.120183	-0.255063	-0.607457	-0.667817	-0.287834	-0.131985	-0.0724392
0.629783	0	0	2.05548	-0.00780488	-0.022404	-0.676266	0.743728	-0.027651	-0.00877133	-0.00430692
0.629783	0	0	9.30908	-0.0893546	-0.368434	0.599631	0.511678	-0.539315	-0.10248	-0.0459621
0.629783	0	0	18.5056	-0.0350435	-0.760564	0.0783951	0.0731186	0.691225	-0.041783	-0.0160093
0.629783	0	0	37.4955	-0.978444	0.928484	0.462527	0.447825	0.775213	-1.49901	-0.274859
0.629783	0	0	51.4577	nan	nan	nan	nan	nan	nan	nan
0.629783	0	0	87.5206	nan	nan	nan	nan	nan	nan	nan
0.644429	0	0	-10.001	-0.121002	-0.257301	-0.612053	-0.663861	-0.285391	-0.131118	-0.0720736
0.644429	0	0	2.05211	-0.0067406	-0.0194656	-0.680391	0.738048	-0.0233107	-0.00744987	-0.00366782
0.644429	0	0	9.3267	-0.0905578	-0.379317	0.591982	0.517041	-0.525818	-0.10185	-0.0458383
0.644429	0	0	18.4736	-0.0301701	-0.75045	0.0665024	0.0626424	0.690998	-0.0350726	-0.013529
0.644429	0	0	37.5771	-0.810184	0.731226	0.369498	0.359434	0.626995	-1.1691	-0.218881
0.644429	0	0	51.3562	-1.27283	0.0885718	0.0571296	0.0560043	0.0810016	1.0277	-0.0614948
0.644429	0	0	87.995	nan	nan	nan	nan	nan	nan	nan
0.659075	0	0	-10.001	-0.121825	-0.259557	-0.616619	-0.659843	-0.282964	-0.130255	-0.0717088
0.659075	0	0	2.04923	-0.00566042	-0.0164463	-0.684603	0.732529	-0.0191108	-0.00615251	-0.00303709
0.659075	0	0	9.34196	-0.0916545	-0.390107	0.584138	0.522054	-0.512125	-0.101086	-0.0456532
0.659075	0	0	18.4464	-0.025286	-0.74122	0.0548976	0.0522265	0.691649	-0.0286624	-0.0111288
0.659075	0	0	37.6487	-0.71892	0.617619	0.316369	0.309188	0.543665	-0.976684	-0.186725
0.659075	0	0	51.269	-0.969788	0.0570032	0.03696	0.0363513	0.0529047	0.810318	-0.0392243
0.659075	0	0	88.4725	nan	nan	nan	nan	nan	nan	nan
0.673722	0	0	-10.001	-0.122653	-0.261829	-0.621152	-0.655765	-0.280555	-0.129396	-0.0713446
0.673722	0	0	2.04686	-0.00456375	-0.0133424	-0.688905	0.727165	-0.0150447	-0.00487845	-0.00241447
0.673722	0	0	9.35477	-0.0926432	-0.400789	0.576116	0.526736	-0.498278	-0.100196	-0.0454088
0.673722	0	0	18.4239	-0.0203712	-0.732839	0.043544	0.0418392	0.69315	-0.0225176	-0.00879842
0.673722	0	0	37.7095	-0.661248	0.541169	0.280832	0.27573	0.488877	-0.845419	-0.165061
0.673722	0	0	51.1967	-0.852337	0.040613	0.0264737	0.0261239	0.0382555	0.737504	-0.0277212
0.673722	0	0	88.9529	nan	nan	nan	nan	nan	nan	nan
0.688368	0	0	-10.001	-0.123484	-0.264118	-0.62565	-0.651629	-0.278163	-0.128542	-0.0709811
0.688368	0	0	2.04501	-0.00344999	-0.01015	-0.693303	0.721948	-0.0111062	-0.00362691	-0.0017997
0.688368	0	0	9.36507	-0.0935229	-0.411351	0.567932	0.531106	-0.484321	-0.0991861	-0.0451077
0.688368	0	0	18.4063	-0.0154055	-0.725271	0.0324075	0.0314506	0.695474	-0.0166066	-0.00652871
0.688368	0	0	37.7592	-0.621654	0.485079	0.254862	0.251387	0.449594	-0.747721	-0.149098
0.688368	0	0	51.1398	-0.788642	0.0285476	0.0187105	0.0185246	0.0272938	0.70707	-0.0193459
0.688368	0	0	89.4363	nan	nan	nan	nan	nan	nan	nan
0.703014	0	0	-10.001	-0.12432	-0.266424	-0.630109	-0.647437	-0.275787	-0.127692	-0.0706182
0.703014	0	0	2.04368	-0.00231852	-0.00686498	-0.697801	0.716871	-0.00728954	-0.00239713	-0.00119252
0.703014	0	0	9.37279	-0.0942931	-0.42178	0.559602	0.535186	-0.470294	-0.0980629	-0.0447524
0.703014	0	0	18.3937	-0.0103685	-0.718482	0.0214568	0.0210321	0.698593	-0.0109004	-0.00431095
0.703014	0	0	37.7974	-0.593042	0.441598	0.234774	0.232638	0.419842	-0.670865	-0.136632
0.703014	0	0	51.0988	-0.749291	0.0183077	0.0120661	0.011986	0.0177671	0.696431	-0.0123284
0.703014	0	0	89.9226	0.599376	0.320895	0.259917	0.258952	0.316527	0.574683	-2.52596
0.71766	0	0	-10.001	-0.12516	-0.268746	-0.634526	-0.643193	-0.273428	-0.126846	-0.070256
0.71766	0	0	2.04289	-0.00116872	-0.00348307	-0.702401	0.711927	-0.00358914	-0.00118836	-0.000592689
0.71766	0	0	9.37788	-0.0949539	-0.432065	0.551142	0.538999	-0.456239	-0.0968339	-0.0443455
0.71766	0	0	18.3861	-0.00524007	-0.712438	0.0106629	0.0105568	0.702481	-0.00537277	-0.00213713
0.71766	0	0	37.8236	-0.571656	0.406579	0.218607	0.217611	0.396454	-0.608059	-0.126494
0.71766	0	0	51.0739	-0.723704	0.00894764	0.00593071	0.00591098	0.00881446	0.697602	-0.00599255
0.71766	0	0	90.4116	0.287117	0.15574	0.126626	0.126392	0.154684	0.281214	-1.22769
