0	0	0	0.249323	-0.0103742	-0.0138806	-0.0209678	-0.0138806	-0.0209678	-0.0428423	-0.0209678	-0.0138806	-0.0209678	-0.0138806	-0.0103742	-0.0209678	-0.0428423	-0.0209678	-0.0103742	-0.0428423	0.990719	-0.0428423	-0.0103742	-0.0209678	-0.0428423	-0.0209678	-0.0103742	-0.0138806	-0.0209678	-0.0138806	-0.0209678	-0.0428423	-0.0209678	-0.0138806	-0.0209678	-0.0138806	-0.0103742
0	0	0	7.28061	-0.0284574	-0.0443587	-0.10054	-0.0443587	-0.10054	0.377226	-0.10054	-0.0443587	-0.10054	-0.0443587	-0.0284574	-0.10054	0.377226	-0.10054	-0.0284574	0.377226	0.0655818	0.377226	-0.0284574	-0.10054	0.377226	-0.10054	-0.0284574	-0.0443587	-0.10054	-0.0443587	-0.10054	0.377226	-0.10054	-0.0443587	-0.10054	-0.0443587	-0.0284574
0	0	0	15.0994	-0.0728426	-0.221601	0.212617	-0.221601	0.212617	0.0718432	0.212617	-0.221601	0.212617	-0.221601	-0.0728426	0.212617	0.0718432	0.212617	-0.0728426	0.0718432	0.0432243	0.0718432	-0.0728426	0.212617	0.0718432	0.212617	-0.0728426	-0.221601	0.212617	-0.221601	0.212617	0.0718432	0.212617	-0.221601	0.212617	-0.221601	-0.0728426
0	0	0	21.7352	-0.316183	0.199102	0.0757111	0.199102	0.0757111	0.0467429	0.0757111	0.199102	0.0757111	0.199102	-0.316183	0.0757111	0.0467429	0.0757111	-0.316183	0.0467429	0.0338076	0.0467429	-0.316183	0.0757111	0.0467429	0.0757111	-0.316183	0.199102	0.0757111	0.199102	0.0757111	0.0467429	0.0757111	0.199102	0.0757111	0.199102	-0.316183
0.0251327	0	0	0.251667	-0.0103716	-0.0140672	-0.0209624	-0.0136919	-0.0213994	-0.042831	-0.0205428	-0.0140672	-0.0209624	-0.0136919	-0.0103716	-0.0213994	-0.042831	-0.0205428	-0.0105855	-0.0446962	0.990711	-0.0411153	-0.0101661	-0.0213994	-0.042831	-0.0205428	-0.0103716	-0.0140672	-0.0209624	-0.0136919	-0.0213994	-0.042831	-0.0205428	-0.0140672	-0.0209624	-0.0136919	-0.0103716
0.0251327	0	0	5.81507	-0.0019608	-0.00298365	-0.00575481	-0.00286854	-0.00598648	-0.176956	-0.0055404	-0.00298365	-0.00575481	-0.00286854	-0.0019608	-0.00598648	-0.176956	-0.0055404	-0.00201391	0.931498	0.00615515	-0.0808031	-0.00191042	-0.00598648	-0.176956	-0.0055404	-0.0019608	-0.00298365	-0.00575481	-0.00286854	-0.00598648	-0.176956	-0.0055404	-0.00298365	-0.00575481	-0.00286854	-0.0019608
0.0251327	0	0	6.20615	-0.0025247	-0.0038861	-0.00773772	-0.00373133	-0.00807103	0.238654	-0.00743085	-0.0038861	-0.00773772	-0.00373133	-0.0025247	-0.00807103	0.238654	-0.00743085	-0.00259462	0.104962	0.00726653	-0.871913	-0.00245844	-0.00807103	0.238654	-0.00743085	-0.0025247	-0.0038861	-0.00773772	-0.00373133	-0.00807103	0.238654	-0.00743085	-0.0038861	-0.00773772	-0.00373133	-0.0025247
0.0251327	0	0	7.29512	-0.0282424	-0.0450494	-0.0999633	-0.0430774	-0.105312	0.370562	-0.0951316	-0.0450494	-0.0999633	-0.0430774	-0.0282424	-0.105312	0.370562	-0.0951316	-0.0290768	0.311848	0.0649314	0.456514	-0.0274544	-0.105312	0.370562	-0.0951316	-0.0282424	-0.0450494	-0.0999633	-0.0430774	-0.105312	0.370562	-0.0951316	-0.0450494	-0.0999633	-0.0430774	-0.0282424
0.0251327	0	0	11.8901	-0.00325384	-0.00669414	-0.278929	-0.00619063	0.401637	0.00674358	-0.103519	-0.00669414	-0.278929	-0.00619063	-0.00325384	0.401637	0.00674358	-0.103519	-0.00338778	0.00647819	0.00333152	0.00703165	-0.0031301	0.401637	0.00674358	-0.103519	-0.00325384	-0.00669414	-0.278929	-0.00619063	0.401637	0.00674358	-0.103519	-0.00669414	-0.278929	-0.00619063	-0.00325384
0.0251327	0	0	12.1677	-0.00340708	-0.0071867	0.29894	-0.00662163	0.107732	0.00658877	-0.385808	-0.0071867	0.29894	-0.00662163	-0.00340708	0.107732	0.00658877	-0.385808	-0.00355073	0.00634073	0.00333109	0.006857	-0.0032746	0.107732	0.00658877	-0.385808	-0.00340708	-0.0071867	0.29894	-0.00662163	0.107732	0.00658877	-0.385808	-0.0071867	0.29894	-0.00662163	-0.00340708
0.0251327	0	0	15.1007	-0.0722971	-0.239439	0.211127	-0.203286	0.195777	0.0713227	0.229089	-0.239439	0.211127	-0.203286	-0.0722971	0.195777	0.0713227	0.229089	-0.0763996	0.0694823	0.0429091	0.0732632	-0.0686128	0.195777	0.0713227	0.229089	-0.0722971	-0.239439	0.211127	-0.203286	0.195777	0.0713227	0.229089	-0.239439	0.211127	-0.203286	-0.0722971
0.0251327	0	0	18.0491	-0.0141182	0.349656	0.0141075	-0.356034	0.0135651	0.00705504	0.0146951	0.349656	0.0141075	-0.356034	-0.0141182	0.0135651	0.00705504	0.0146951	-0.0153464	0.00691673	0.00470364	0.00719899	-0.013072	0.0135651	0.00705504	0.0146951	-0.0141182	0.349656	0.0141075	-0.356034	0.0135651	0.00705504	0.0146951	0.349656	0.0141075	-0.356034	-0.0141182
0.0251327	0	0	21.7225	-0.310092	0.185217	0.0748512	0.211163	0.0730378	0.0461844	0.0767569	0.185217	0.0748512	0.211163	-0.310092	0.0730378	0.0461844	0.0767569	-0.390403	0.0454876	0.0333948	0.0469029	-0.257185	0.0730378	0.0461844	0.0767569	-0.310092	0.185217	0.0748512	0.211163	0.0730378	0.0461844	0.0767569	0.185217	0.0748512	0.211163	-0.310092
0.0251327	0	0	23.6799	-0.229579	0.0149199	0.00752353	0.0162513	0.00737127	0.00496146	0.00768222	0.0149199	0.00752353	0.0162513	-0.229579	0.00737127	0.00496146	0.00768222	0.880949	0.00489479	0.00370109	0.00502998	-0.101557	0.00737127	0.00496146	0.00768222	-0.229579	0.0149199	0.00752353	0.0162513	0.00737127	0.00496146	0.00768222	0.0149199	0.00752353	0.0162513	-0.229579
0.0251327	0	0	24.4625	0.185277	0.0111572	0.00597436	0.0120267	0.00586092	0.00402616	0.00609228	0.0111572	0.00597436	0.0120267	0.185277	0.00586092	0.00402616	0.00609228	0.0841979	0.00397432	0.00303611	0.00407937	-0.924115	0.00586092	0.00402616	0.00609228	0.185277	0.0111572	0.00597436	0.0120267	0.00586092	0.00402616	0.00609228	0.0111572	0.00597436	0.0120267	0.185277
0.0502655	0	0	0.258701	-0.0103635	-0.0142517	-0.020946	-0.0135012	-0.021838	-0.0427969	-0.0201241	-0.0142517	-0.020946	-0.0135012	-0.0103635	-0.021838	-0.0427969	-0.0201241	-0.0108001	-0.0466938	0.990688	-0.0395004	-0.00996094	-0.021838	-0.0427969	-0.0201241	-0.0103635	-0.0142517	-0.020946	-0.0135012	-0.021838	-0.0427969	-0.0201241	-0.0142517	-0.020946	-0.0135012	-0.0103635
0.0502655	0	0	5.61126	-0.00348606	-0.00537917	-0.0100099	-0.00497862	-0.0108198	-0.155715	-0.00931275	-0.00537917	-0.0100099	-0.00497862	-0.00348606	-0.0108198	-0.155715	-0.00931275	-0.00367782	0.946679	0.0114867	-0.0719407	-0.0033133	-0.0108198	-0.155715	-0.00931275	-0.00348606	-0.00537917	-0.0100099	-0.00497862	-0.0108198	-0.155715	-0.00931275	-0.00537917	-0.0100099	-0.00497862	-0.00348606
0.0502655	0	0	6.38244	-0.00568321	-0.00898218	-0.0177687	-0.00827089	-0.0194207	0.2808	-0.0163757	-0.00898218	-0.0177687	-0.00827089	-0.00568321	-0.0194207	0.2808	-0.0163757	-0.00601025	0.119783	0.0157726	-0.815705	-0.00538993	-0.0194207	0.2808	-0.0163757	-0.00568321	-0.00898218	-0.0177687	-0.00827089	-0.0194207	0.2808	-0.0163757	-0.00898218	-0.0177687	-0.00827089	-0.00568321
0.0502655	0	0	7.34071	-0.0275219	-0.0449938	-0.0979839	-0.0411258	-0.109163	0.349779	-0.0888816	-0.0449938	-0.0979839	-0.0411258	-0.0275219	-0.109163	0.349779	-0.0888816	-0.0292019	0.25614	0.0627997	0.551338	-0.0260247	-0.109163	0.349779	-0.0888816	-0.0275219	-0.0449938	-0.0979839	-0.0411258	-0.109163	0.349779	-0.0888816	-0.0449938	-0.0979839	-0.0411258	-0.0275219
0.0502655	0	0	11.7497	-0.0063416	-0.0134156	-0.269749	-0.011513	0.407796	0.0136454	-0.101353	-0.0134156	-0.269749	-0.011513	-0.0063416	0.407796	0.0136454	-0.101353	-0.00687898	0.0125874	0.00665437	0.0148974	-0.00588209	0.407796	0.0136454	-0.101353	-0.0063416	-0.0134156	-0.269749	-0.011513	0.407796	0.0136454	-0.101353	-0.0134156	-0.269749	-0.011513	-0.0063416
0.0502655	0	0	12.3032	-0.00694432	-0.0155043	0.309653	-0.0131101	0.109664	0.0130129	-0.375949	-0.0155043	0.309653	-0.0131101	-0.00694432	0.109664	0.0130129	-0.375949	-0.00756293	0.0120866	0.00664612	0.014093	-0.00641926	0.109664	0.0130129	-0.375949	-0.00694432	-0.0155043	0.309653	-0.0131101	0.109664	0.0130129	-0.375949	-0.0155043	0.309653	-0.0131101	-0.00694432
0.0502655	0	0	15.1046	-0.0706663	-0.256635	0.206657	-0.184645	0.178618	0.069764	0.245139	-0.256635	0.206657	-0.184645	-0.0706663	0.178618	0.069764	0.245139	-0.0791653	0.066253	0.0419654	0.0736679	-0.0638153	0.178618	0.069764	0.245139	-0.0706663	-0.256635	0.206657	-0.184645	0.178618	0.069764	0.245139	-0.256635	0.206657	-0.184645	-0.0706663
0.0502655	0	0	18.0628	-0.0280894	0.344453	0.0280084	-0.356982	0.0259364	0.0140142	0.0304401	0.344453	0.0280084	-0.356982	-0.0280894	0.0259364	0.0140142	0.0304401	-0.0334491	0.0134755	0.00934501	0.0145977	-0.0242102	0.0259364	0.0140142	0.0304401	-0.0280894	0.344453	0.0280084	-0.356982	0.0259364	0.0140142	0.0304401	0.344453	0.0280084	-0.356982	-0.0280894
0.0502655	0	0	21.6792	-0.290249	0.16891	0.0719493	0.220615	0.0685286	0.044305	0.0757294	0.16891	0.0719493	0.220615	-0.290249	0.0685286	0.044305	0.0757294	-0.485959	0.0429838	0.0320072	0.04571	-0.206917	0.0685286	0.044305	0.0757294	-0.290249	0.16891	0.0719493	0.220615	0.0685286	0.044305	0.0757294	0.16891	0.0719493	0.220615	-0.290249
0.0502655	0	0	23.3374	-0.263218	0.0333974	0.0170398	0.0400905	0.0163437	0.0111198	0.0177978	0.0333974	0.0170398	0.0400905	-0.263218	0.0163437	0.0111198	0.0177978	0.833515	0.0108191	0.0082527	0.0114377	-0.113662	0.0163437	0.0111198	0.0177978	-0.263218	0.0333974	0.0170398	0.0400905	0.0163437	0.0111198	0.0177978	0.0333974	0.0170398	0.0400905	-0.263218
0.0502655	0	0	24.882	0.171248	0.0190527	0.0108433	0.0219418	0.0104517	0.00738468	0.0112654	0.0190527	0.0108433	0.0219418	0.171248	0.0104517	0.00738468	0.0112654	0.0784299	0.00720093	0.00559886	0.00757805	-0.933485	0.0104517	0.00738468	0.0112654	0.171248	0.0190527	0.0108433	0.0219418	0.0104517	0.00738468	0.0112654	0.0190527	0.0108433	0.0219418	0.171248
0.0753982	0	0	0.27042	-0.0103501	-0.0144337	-0.0209186	-0.0133085	-0.0222839	-0.0427397	-0.019711	-0.0144337	-0.0209186	-0.0133085	-0.0103501	-0.0222839	-0.0427397	-0.019711	-0.0110181	-0.0488552	0.990649	-0.0379849	-0.00975848	-0.0222839	-0.0427397	-0.019711	-0.0103501	-0.0144337	-0.0209186	-0.0133085	-0.0222839	-0.0427397	-0.019711	-0.0144337	-0.0209186	-0.0133085	-0.0103501
0.0753982	0	0	5.40625	-0.00468953	-0.00733572	-0.0131789	-0.00654438	-0.0147848	-0.138951	-0.0118877	-0.00733572	-0.0131789	-0.00654438	-0.00468953	-0.0147848	-0.138951	-0.0118877	-0.0050824	0.9569	0.016264	-0.0647726	-0.00435304	-0.0147848	-0.138951	-0.0118877	-0.00468953	-0.00733572	-0.0131789	-0.00654438	-0.0147848	-0.138951	-0.0118877	-0.00733572	-0.0131789	-0.00654438	-0.00468953
0.0753982	0	0	6.53577	-0.00931649	-0.015123	-0.0296358	-0.0133412	-0.0340979	0.327399	-0.0262064	-0.015123	-0.0296358	-0.0133412	-0.00931649	-0.0340979	0.327399	-0.0262064	-0.0101517	0.133868	0.025093	-0.734592	-0.00860824	-0.0340979	0.327399	-0.0262064	-0.00931649	-0.015123	-0.0296358	-0.0133412	-0.0340979	0.327399	-0.0262064	-0.015123	-0.0296358	-0.0133412	-0.00931649
0.0753982	0	0	7.42239	-0.0261365	-0.0438816	-0.0940587	-0.0383081	-0.111434	0.314163	-0.0813708	-0.0438816	-0.0940587	-0.0383081	-0.0261365	-0.111434	0.314163	-0.0813708	-0.0286163	0.206577	0.0588312	0.655611	-0.0240522	-0.111434	0.314163	-0.0813708	-0.0261365	-0.0438816	-0.0940587	-0.0383081	-0.111434	0.314163	-0.0813708	-0.0438816	-0.0940587	-0.0383081	-0.0261365
0.0753982	0	0	11.6092	-0.00925848	-0.0201333	-0.261171	-0.0160847	0.412884	0.0207202	-0.0992083	-0.0201333	-0.261171	-0.0160847	-0.00925848	0.412884	0.0207202	-0.0992083	-0.0104704	0.0183443	0.00996483	0.0238032	-0.00829801	0.412884	0.0207202	-0.0992083	-0.00925848	-0.0201333	-0.261171	-0.0160847	0.412884	0.0207202	-0.0992083	-0.0201333	-0.261171	-0.0160847	-0.00925848
0.0753982	0	0	12.4354	-0.0105761	-0.0250891	0.320714	-0.0193878	0.111378	0.0192476	-0.364656	-0.0250891	0.320714	-0.0193878	-0.0105761	0.111378	0.0192476	-0.364656	-0.0120726	0.0172966	0.00992154	0.0216948	-0.00940965	0.111378	0.0192476	-0.364656	-0.0105761	-0.0250891	0.320714	-0.0193878	0.111378	0.0192476	-0.364656	-0.0250891	0.320714	-0.0193878	-0.0105761
0.0753982	0	0	15.1115	-0.0679663	-0.273011	0.199212	-0.165814	0.161192	0.0671753	0.260702	-0.273011	0.199212	-0.165814	-0.0679663	0.161192	0.0671753	0.260702	-0.0810032	0.0622262	0.0403991	0.0729798	-0.0585441	0.161192	0.0671753	0.260702	-0.0679663	-0.273011	0.199212	-0.165814	0.161192	0.0671753	0.260702	-0.273011	0.199212	-0.165814	-0.0679663
0.0753982	0	0	18.0851	-0.0417627	0.338055	0.0414994	-0.356256	0.0370655	0.0207823	0.0471383	0.338055	0.0414994	-0.356256	-0.0417627	0.0370655	0.0207823	0.0471383	-0.0550061	0.0196077	0.0138621	0.0221066	-0.0336589	0.0370655	0.0207823	0.0471383	-0.0417627	0.338055	0.0414994	-0.356256	0.0370655	0.0207823	0.0471383	0.338055	0.0414994	-0.356256	-0.0417627
0.0753982	0	0	21.5901	-0.253263	0.148584	0.066134	0.225131	0.0614817	0.0405587	0.0715479	0.148584	0.066134	0.225131	-0.253263	0.0614817	0.0405587	0.0715479	-0.602362	0.03876	0.029248	0.0425325	-0.160339	0.0614817	0.0405587	0.0715479	-0.253263	0.148584	0.066134	0.225131	0.0614817	0.0405587	0.0715479	0.148584	0.066134	0.225131	-0.253263
0.0753982	0	0	23.0518	-0.303891	0.0547904	0.0284271	0.0733401	0.0266767	0.0183782	0.0304232	0.0547904	0.0284271	0.0733401	-0.303891	0.0266767	0.0183782	0.0304232	0.754379	0.0176304	0.0135783	0.0191923	-0.126472	0.0266767	0.0183782	0.0304232	-0.303891	0.0547904	0.0284271	0.0733401	0.0266767	0.0183782	0.0304232	0.0547904	0.0284271	0.0733401	-0.303891
0.0753982	0	0	25.3135	0.160672	0.0248524	0.0149335	0.0303501	0.0141627	0.0102739	0.015793	0.0248524	0.0149335	0.0303501	0.160672	0.0141627	0.0102739	0.015793	0.0740045	0.00990312	0.0078306	0.0106736	-0.938999	0.0141627	0.0102739	0.015793	0.160672	0.0248524	0.0149335	0.0303501	0.0141627	0.0102739	0.015793	0.0248524	0.0149335	0.0303501	0.160672
0.100531	0	0	0.286823	-0.0103311	-0.0146129	-0.0208797	-0.0131135	-0.022737	-0.0426586	-0.0193029	-0.0146129	-0.0208797	-0.0131135	-0.0103311	-0.022737	-0.0426586	-0.0193029	-0.0112396	-0.051204	0.990593	-0.0365575	-0.00955842	-0.022737	-0.0426586	-0.0193029	-0.0103311	-0.0146129	-0.0208797	-0.0131135	-0.022737	-0.0426586	-0.0193029	-0.0146129	-0.0208797	-0.0131135	-0.0103311
0.100531	0	0	5.20185	-0.00565631	-0.0089674	-0.0155659	-0.00772061	-0.0181032	-0.12552	-0.0136524	-0.0089674	-0.0155659	-0.00772061	-0.00565631	-0.0181032	-0.12552	-0.0136524	-0.00629781	0.964001	0.0206999	-0.058924	-0.00513342	-0.0181032	-0.12552	-0.0136524	-0.00565631	-0.0089674	-0.0155659	-0.00772061	-0.0181032	-0.12552	-0.0136524	-0.0089674	-0.0155659	-0.00772061	-0.00565631
0.100531	0	0	6.66014	-0.0129133	-0.0215264	-0.0416373	-0.018181	-0.0506507	0.371098	-0.0353472	-0.0215264	-0.0416373	-0.018181	-0.0129133	-0.0506507	0.371098	-0.0353472	-0.0145156	0.143502	0.0340063	-0.633257	-0.0116297	-0.0506507	0.371098	-0.0353472	-0.0129133	-0.0215264	-0.0416373	-0.018181	-0.0506507	0.371098	-0.0353472	-0.0215264	-0.0416373	-0.018181	-0.0129133
0.100531	0	0	7.54423	-0.0240616	-0.041592	-0.088043	-0.0346315	-0.111833	0.26716	-0.0725991	-0.041592	-0.088043	-0.0346315	-0.0240616	-0.111833	0.26716	-0.0725991	-0.0272275	0.162357	0.0530666	0.753639	-0.0215553	-0.111833	0.26716	-0.0725991	-0.0240616	-0.041592	-0.088043	-0.0346315	-0.111833	0.26716	-0.0725991	-0.041592	-0.088043	-0.0346315	-0.0240616
0.100531	0	0	11.4695	-0.012006	-0.0268286	-0.25322	-0.0200126	0.41695	0.0279933	-0.0971191	-0.0268286	-0.25322	-0.0200126	-0.012006	0.41695	0.0279933	-0.0971191	-0.0141649	0.0237697	0.0132635	0.0340422	-0.0104181	0.41695	0.0279933	-0.0971191	-0.012006	-0.0268286	-0.25322	-0.0200126	0.41695	0.0279933	-0.0971191	-0.0268286	-0.25322	-0.0200126	-0.012006
0.100531	0	0	12.5634	-0.0142517	-0.0360702	0.331989	-0.0253598	0.112783	0.025251	-0.35183	-0.0360702	0.331989	-0.0253598	-0.0142517	0.112783	0.025251	-0.35183	-0.0171062	0.0219989	0.0131246	0.0296314	-0.0122136	0.112783	0.025251	-0.35183	-0.0142517	-0.0360702	0.331989	-0.0253598	0.112783	0.025251	-0.35183	-0.0360702	0.331989	-0.0253598	-0.0142517
0.100531	0	0	15.1216	-0.0642244	-0.288375	0.188802	-0.146919	0.143556	0.063572	0.275697	-0.288375	0.188802	-0.146919	-0.0642244	0.143556	0.063572	0.275697	-0.081755	0.0574727	0.0382207	0.0711196	-0.0528844	0.143556	0.063572	0.275697	-0.0642244	-0.288375	0.188802	-0.146919	0.143556	0.063572	0.275697	-0.288375	0.188802	-0.146919	-0.0642244
0.100531	0	0	18.1155	-0.0549751	0.330569	0.0543827	-0.353667	0.0469164	0.0272646	0.0646751	0.330569	0.0543827	-0.353667	-0.0549751	0.0469164	0.0272646	0.0646751	-0.0810538	0.02525	0.0181927	0.0296285	-0.0415928	0.0469164	0.0272646	0.0646751	-0.0549751	0.330569	0.0543827	-0.353667	0.0469164	0.0272646	0.0646751	0.330569	0.0543827	-0.353667	-0.0549751
0.100531	0	0	21.436	-0.199815	0.12325	0.0567755	0.222486	0.0514862	0.0345754	0.063276	0.12325	0.0567755	0.222486	-0.199815	0.0514862	0.0345754	0.063276	-0.721633	0.0325396	0.0248562	0.0368828	-0.115962	0.0514862	0.0345754	0.063276	-0.199815	0.12325	0.0567755	0.222486	0.0514862	0.0345754	0.063276	0.12325	0.0567755	0.222486	-0.199815
0.100531	0	0	22.8455	-0.344037	0.0752511	0.0399729	0.113366	0.0366961	0.0256549	0.0438923	0.0752511	0.0399729	0.113366	-0.344037	0.0366961	0.0256549	0.0438923	0.640551	0.0242642	0.0188889	0.0272145	-0.135603	0.0366961	0.0256549	0.0438923	-0.344037	0.0752511	0.0399729	0.113366	0.0366961	0.0256549	0.0438923	0.0752511	0.0399729	0.113366	-0.344037
0.100531	0	0	25.7541	0.152601	0.0292784	0.0184696	0.0376784	0.0172562	0.0128306	0.0198666	0.0292784	0.0184696	0.0376784	0.152601	0.0172562	0.0128306	0.0198666	0.0705841	0.0122331	0.00982957	0.0134896	-0.942094	0.0172562	0.0128306	0.0198666	0.152601	0.0292784	0.0184696	0.0376784	0.0172562	0.0128306	0.0198666	0.0292784	0.0184696	0.0376784	0.152601
0.125664	0	0	0.307903	-0.0103062	-0.0147889	-0.0208289	-0.0129162	-0.0231974	-0.0425527	-0.0188993	-0.0147889	-0.0208289	-0.0129162	-0.0103062	-0.0231974	-0.0425527	-0.0188993	-0.0114646	-0.0537683	0.990517	-0.0352085	-0.0093604	-0.0231974	-0.0425527	-0.0188993	-0.0103062	-0.0147889	-0.0208289	-0.0129162	-0.0231974	-0.0425527	-0.0188993	-0.0147889	-0.0208289	-0.0129162	-0.0103062
0.125664	0	0	4.99923	-0.00644699	-0.0103564	-0.0173846	-0.00861501	-0.0209366	-0.114586	-0.014863	-0.0103564	-0.0173846	-0.00861501	-0.00644699	-0.0209366	-0.114586	-0.014863	-0.007375	0.969075	0.0249575	-0.0540946	-0.00572642	-0.0209366	-0.114586	-0.014863	-0.00644699	-0.0103564	-0.0173846	-0.00861501	-0.0209366	-0.114586	-0.014863	-0.0103564	-0.0173846	-0.00861501	-0.00644699
0.125664	0	0	6.75578	-0.0158786	-0.0271743	-0.0516883	-0.0219655	-0.0667398	0.404989	-0.0421764	-0.0271743	-0.0516883	-0.0219655	-0.0158786	-0.0667398	0.404989	-0.0421764	-0.0184326	0.146362	0.0411774	-0.527989	-0.0139462	-0.0667398	0.404989	-0.0421764	-0.0158786	-0.0271743	-0.0516883	-0.0219655	-0.0667398	0.404989	-0.0421764	-0.0271743	-0.0516883	-0.0219655	-0.0158786
0.125664	0	0	7.70455	-0.0215735	-0.0385037	-0.0807529	-0.0305199	-0.111279	0.217315	-0.0633695	-0.0385037	-0.0807529	-0.0305199	-0.0215735	-0.111279	0.217315	-0.0633695	-0.0252786	0.125021	0.0463248	0.83014	-0.0188157	-0.111279	0.217315	-0.0633695	-0.0215735	-0.0385037	-0.0807529	-0.0305199	-0.111279	0.217315	-0.0633695	-0.0385037	-0.0807529	-0.0305199	-0.0215735
0.125664	0	0	11.3311	-0.0145904	-0.0334946	-0.245918	-0.0233917	0.420012	0.0354987	-0.0951142	-0.0334946	-0.245918	-0.0233917	-0.0145904	0.420012	0.0354987	-0.0951142	-0.0179715	0.0288872	0.0165545	0.0460346	-0.0122801	0.420012	0.0354987	-0.0951142	-0.0145904	-0.0334946	-0.245918	-0.0233917	0.420012	0.0354987	-0.0951142	-0.0334946	-0.245918	-0.0233917	-0.0145904
0.125664	0	0	12.6861	-0.0179036	-0.0485565	0.3433	-0.0309135	0.113769	0.0309624	-0.337388	-0.0485565	0.3433	-0.0309135	-0.0179036	0.113769	0.0309624	-0.337388	-0.0226751	0.0261958	0.0162123	0.0378496	-0.014791	0.113769	0.0309624	-0.337388	-0.0179036	-0.0485565	0.3433	-0.0309135	0.113769	0.0309624	-0.337388	-0.0485565	0.3433	-0.0309135	-0.0179036
0.125664	0	0	15.1354	-0.0594796	-0.302524	0.175458	-0.128075	0.125777	0.0589781	0.290011	-0.302524	0.175458	-0.128075	-0.0594796	0.125777	0.0589781	0.290011	-0.0812343	0.0520652	0.0354465	0.0680076	-0.0469156	0.125777	0.0589781	0.290011	-0.0594796	-0.302524	0.175458	-0.128075	0.125777	0.0589781	0.290011	-0.302524	0.175458	-0.128075	-0.0594796
0.125664	0	0	18.1528	-0.0675348	0.322086	0.0664611	-0.348915	0.0554576	0.0333629	0.0829119	0.322086	0.0664611	-0.348915	-0.0675348	0.0554576	0.0333629	0.0829119	-0.113168	0.0303409	0.0222715	0.0370535	-0.048128	0.0554576	0.0333629	0.0829119	-0.0675348	0.322086	0.0664611	-0.348915	0.0554576	0.0333629	0.0829119	0.322086	0.0664611	-0.348915	-0.0675348
0.125664	0	0	21.2113	-0.140721	0.0949585	0.0448645	0.214975	0.039637	0.0270362	0.0516802	0.0949585	0.0448645	0.214975	-0.140721	0.039637	0.0270362	0.0516802	-0.81494	0.0250457	0.0193478	0.0293705	-0.0770093	0.039637	0.0270362	0.0516802	-0.140721	0.0949585	0.0448645	0.214975	0.039637	0.0270362	0.0516802	0.0949585	0.0448645	0.214975	-0.140721
0.125664	0	0	22.727	-0.373447	0.0892632	0.0488835	0.152072	0.0439169	0.0312263	0.0551167	0.0892632	0.0488835	0.152072	-0.373447	0.0439169	0.0312263	0.0551167	0.51303	0.0291225	0.0229401	0.0336578	-0.136898	0.0439169	0.0312263	0.0551167	-0.373447	0.0892632	0.0488835	0.152072	0.0439169	0.0312263	0.0551167	0.0892632	0.0488835	0.152072	-0.373447
0.125664	0	0	26.2022	0.14639	0.0327834	0.0216052	0.0442237	0.0199082	0.0151487	0.0236185	0.0327834	0.0216052	0.0442237	0.14639	0.0199082	0.0151487	0.0236185	0.0679257	0.0142943	0.0116632	0.0161116	-0.94358	0.0199082	0.0151487	0.0236185	0.14639	0.0327834	0.0216052	0.0442237	0.0199082	0.0151487	0.0236185	0.0327834	0.0216052	0.0442237	0.14639
0.150796	0	0	0.333654	-0.0102751	-0.0149611	-0.0207655	-0.0127162	-0.0236649	-0.0424205	-0.0184991	-0.0149611	-0.0207655	-0.0127162	-0.0102751	-0.0236649	-0.0424205	-0.0184991	-0.0116928	-0.0565817	0.990419	-0.0339288	-0.00916405	-0.0236649	-0.0424205	-0.0184991	-0.0102751	-0.0149611	-0.0207655	-0.0127162	-0.0236649	-0.0424205	-0.0184991	-0.0149611	-0.0207655	-0.0127162	-0.0102751
0.150796	0	0	4.7992	-0.00710447	-0.0115615	-0.0187844	-0.00930238	-0.0234011	-0.105545	-0.0156891	-0.0115615	-0.0187844	-0.00930238	-0.00710447	-0.0234011	-0.105545	-0.0156891	-0.00835064	0.972784	0.0291661	-0.0500569	-0.00618194	-0.0234011	-0.105545	-0.0156891	-0.00710447	-0.0115615	-0.0187844	-0.00930238	-0.0234011	-0.105545	-0.0156891	-0.0115615	-0.0187844	-0.00930238	-0.00710447
0.150796	0	0	6.82896	-0.0179664	-0.0315583	-0.0588427	-0.0244099	-0.0809414	0.427666	-0.0462229	-0.0315583	-0.0588427	-0.0244099	-0.0179664	-0.0809414	0.427666	-0.0462229	-0.0215612	0.143305	0.0461446	-0.434485	-0.0153991	-0.0809414	0.427666	-0.0462229	-0.0179664	-0.0315583	-0.0588427	-0.0244099	-0.0809414	0.427666	-0.0462229	-0.0315583	-0.0588427	-0.0244099	-0.0179664
0.150796	0	0	7.89598	-0.0190409	-0.0351939	-0.0733145	-0.0264936	-0.111428	0.172421	-0.0546288	-0.0351939	-0.0733145	-0.0264936	-0.0190409	-0.111428	0.172421	-0.0546288	-0.0231548	0.0955542	0.0396206	0.88163	-0.0161683	-0.111428	0.172421	-0.0546288	-0.0190409	-0.0351939	-0.0733145	-0.0264936	-0.111428	0.172421	-0.0546288	-0.0351939	-0.0733145	-0.0264936	-0.0190409
0.150796	0	0	11.1951	-0.0170216	-0.040135	-0.239288	-0.0263069	0.422046	0.0432783	-0.0932182	-0.040135	-0.239288	-0.0263069	-0.0170216	0.422046	0.0432783	-0.0932182	-0.0219049	0.0337214	0.0198446	0.0603944	-0.0139187	0.422046	0.0432783	-0.0932182	-0.0170216	-0.040135	-0.239288	-0.0263069	0.422046	0.0432783	-0.0932182	-0.040135	-0.239288	-0.0263069	-0.0170216
0.150796	0	0	12.8027	-0.0214463	-0.0626186	0.354422	-0.0359224	0.114214	0.036302	-0.32128	-0.0626186	0.354422	-0.0359224	-0.0214463	0.114214	0.036302	-0.32128	-0.0287686	0.0298679	0.0191307	0.0462692	-0.0170951	0.114214	0.036302	-0.32128	-0.0214463	-0.0626186	0.354422	-0.0359224	0.114214	0.036302	-0.32128	-0.0626186	0.354422	-0.0359224	-0.0214463
0.150796	0	0	15.1535	-0.053784	-0.315252	0.159244	-0.10939	0.10794	0.0534298	0.303498	-0.315252	0.159244	-0.10939	-0.053784	0.10794	0.0534298	0.303498	-0.0792178	0.046081	0.0321	0.0635671	-0.0407127	0.10794	0.0534298	0.303498	-0.053784	-0.315252	0.159244	-0.10939	0.10794	0.0534298	0.303498	-0.315252	0.159244	-0.10939	-0.053784
0.150796	0	0	18.1948	-0.0791829	0.312638	0.0775216	-0.341488	0.0626445	0.0389649	0.101666	0.312638	0.0775216	-0.341488	-0.0791829	0.0626445	0.0389649	0.101666	-0.153797	0.0348097	0.0260222	0.0442465	-0.0533165	0.0626445	0.0389649	0.101666	-0.0791829	0.312638	0.0775216	-0.341488	0.0626445	0.0389649	0.101666	0.312638	0.0775216	-0.341488	-0.0791829
0.150796	0	0	20.9328	-0.0883359	0.0668571	0.0321922	0.208985	0.0276629	0.0191367	0.0384952	0.0668571	0.0321922	0.208985	-0.0883359	0.0276629	0.0191367	0.0384952	-0.870922	0.0174393	0.0136151	0.0212001	-0.0465276	0.0276629	0.0191367	0.0384952	-0.0883359	0.0668571	0.0321922	0.208985	0.0276629	0.0191367	0.0384952	0.0668571	0.0321922	0.208985	-0.0883359
0.150796	0	0	22.6827	-0.38972	0.0951167	0.0539666	0.183476	0.0474799	0.0343901	0.0625061	0.0951167	0.0539666	0.183476	-0.38972	0.0474799	0.0343901	0.0625061	0.40046	0.0316359	0.0252358	0.0376696	-0.131078	0.0474799	0.0343901	0.0625061	-0.38972	0.0951167	0.0539666	0.183476	0.0474799	0.0343901	0.0625061	0.0951167	0.0539666	0.183476	-0.38972
0.150796	0	0	26.6564	0.141591	0.0356583	0.0244476	0.0501959	0.0222396	0.0172936	0.0271423	0.0356583	0.0244476	0.0501959	0.141591	0.0222396	0.0172936	0.0271423	0.0658563	0.0161588	0.0133787	0.0185999	-0.943932	0.0222396	0.0172936	0.0271423	0.141591	0.0356583	0.0244476	0.0501959	0.0222396	0.0172936	0.0271423	0.0356583	0.0244476	0.0501959	0.141591
0.175929	0	0	0.364066	-0.0102375	-0.0151286	-0.0206887	-0.0125131	-0.0241388	-0.0422603	-0.0181016	-0.0151286	-0.0206887	-0.0125131	-0.0102375	-0.0241388	-0.0422603	-0.0181016	-0.0119242	-0.0596854	0.990296	-0.0327106	-0.00896888	-0.0241388	-0.0422603	-0.0181016	-0.0102375	-0.0151286	-0.0206887	-0.0125131	-0.0241388	-0.0422603	-0.0181016	-0.0151286	-0.0206887	-0.0125131	-0.0102375
0.175929	0	0	4.60228	-0.00765949	-0.0126249	-0.019871	-0.00983535	-0.0255808	-0.0979659	-0.016245	-0.0126249	-0.019871	-0.00983535	-0.00765949	-0.0255808	-0.0979659	-0.016245	-0.0092514	0.97554	0.0334345	-0.0466411	-0.00653499	-0.0255808	-0.0979659	-0.016245	-0.00765949	-0.0126249	-0.019871	-0.00983535	-0.0255808	-0.0979659	-0.016245	-0.0126249	-0.019871	-0.00983535	-0.00765949
0.175929	0	0	6.8874	-0.0192799	-0.0347562	-0.0633709	-0.0257225	-0.0932158	0.441713	-0.0480021	-0.0347562	-0.0633709	-0.0257225	-0.0192799	-0.0932158	0.441713	-0.0480021	-0.0239446	0.136682	0.0492418	-0.358628	-0.0161363	-0.0932158	0.441713	-0.0480021	-0.0192799	-0.0347562	-0.0633709	-0.0257225	-0.0932158	0.441713	-0.0480021	-0.0347562	-0.0633709	-0.0257225	-0.0192799
0.175929	0	0	8.10969	-0.0166464	-0.0319604	-0.0662383	-0.0227883	-0.113633	0.135292	-0.0467426	-0.0319604	-0.0662383	-0.0227883	-0.0166464	-0.113633	0.135292	-0.0467426	-0.0210616	0.0730557	0.0334674	0.913501	-0.0137615	-0.113633	0.135292	-0.0467426	-0.0166464	-0.0319604	-0.0662383	-0.0227883	-0.113633	0.135292	-0.0467426	-0.0319604	-0.0662383	-0.0227883	-0.0166464
0.175929	0	0	11.0623	-0.0193122	-0.0467643	-0.233362	-0.0288328	0.422961	0.0513797	-0.0914525	-0.0467643	-0.233362	-0.0288328	-0.0193122	0.422961	0.0513797	-0.0914525	-0.0259863	0.038296	0.0231422	0.0780427	-0.0153658	0.422961	0.0513797	-0.0914525	-0.0193122	-0.0467643	-0.233362	-0.0288328	0.422961	0.0513797	-0.0914525	-0.0467643	-0.233362	-0.0288328	-0.0193122
0.175929	0	0	12.9121	-0.0247775	-0.0782683	0.365086	-0.0402508	0.113987	0.0411716	-0.303512	-0.0782683	0.365086	-0.0402508	-0.0247775	0.113987	0.0411716	-0.303512	-0.0353462	0.0329789	0.0218159	0.0547803	-0.0190742	0.113987	0.0411716	-0.303512	-0.0247775	-0.0782683	0.365086	-0.0402508	0.113987	0.0411716	-0.303512	-0.0782683	0.365086	-0.0402508	-0.0247775
0.175929	0	0	15.1764	-0.0472044	-0.326357	0.140275	-0.0909756	0.0901489	0.0469799	0.315964	-0.326357	0.140275	-0.0909756	-0.0472044	0.0901489	0.0469799	0.315964	-0.0754337	0.0396045	0.0282146	0.0577307	-0.0343498	0.0901489	0.0469799	0.315964	-0.0472044	-0.326357	0.140275	-0.0909756	0.0901489	0.0469799	0.315964	-0.326357	0.140275	-0.0909756	-0.0472044
0.175929	0	0	18.2379	-0.0895064	0.302107	0.0872852	-0.330454	0.068377	0.0439147	0.120648	0.302107	0.0872852	-0.330454	-0.0895064	0.068377	0.0439147	0.120648	-0.206775	0.0385512	0.0293374	0.0510118	-0.0571148	0.068377	0.0439147	0.120648	-0.0895064	0.302107	0.0872852	-0.330454	0.068377	0.0439147	0.120648	0.302107	0.0872852	-0.330454	-0.0895064
0.175929	0	0	20.6267	-0.0459985	0.0393688	0.0192611	0.209366	0.0160693	0.0112679	0.024035	0.0393688	0.0192611	0.209366	-0.0459985	0.0160693	0.0112679	0.024035	-0.896537	0.0100949	0.00796321	0.0127493	-0.0236048	0.0160693	0.0112679	0.024035	-0.0459985	0.0393688	0.0192611	0.209366	0.0160693	0.0112679	0.024035	0.0393688	0.0192611	0.209366	-0.0459985
0.175929	0	0	22.6909	-0.39707	0.0949877	0.0559712	0.207474	0.048262	0.0356393	0.0666115	0.0949877	0.0559712	0.207474	-0.39707	0.048262	0.0356393	0.0666115	0.313544	0.0323491	0.0261428	0.0396747	-0.121562	0.048262	0.0356393	0.0666115	-0.39707	0.0949877	0.0559712	0.207474	0.048262	0.0356393	0.0666115	0.0949877	0.0559712	0.207474	-0.39707
0.175929	0	0	27.1159	0.137894	0.038095	0.0270732	0.0557468	0.0243351	0.0193126	0.0305055	0.038095	0.0270732	0.0557468	0.137894	0.0243351	0.0193126	0.0305055	0.0642516	0.0178777	0.01501	0.0209979	-0.943438	0.0243351	0.0193126	0.0305055	0.137894	0.038095	0.0270732	0.0557468	0.0243351	0.0193126	0.0305055	0.038095	0.0270732	0.0557468	0.137894
0.201062	0	0	0.399127	-0.0101927	-0.0152904	-0.0205974	-0.0123063	-0.0246182	-0.0420699	-0.0177055	-0.0152904	-0.0205974	-0.0123063	-0.0101927	-0.0246182	-0.0420699	-0.0177055	-0.0121581	-0.0631296	0.990143	-0.0315462	-0.00877439	-0.0246182	-0.0420699	-0.0177055	-0.0101927	-0.0152904	-0.0205974	-0.0123063	-0.0246182	-0.0420699	-0.0177055	-0.0152904	-0.0205974	-0.0123063	-0.0101927
0.201062	0	0	4.40887	-0.00813452	-0.0135777	-0.0207206	-0.0102516	-0.0275379	-0.0915354	-0.0166089	-0.0135777	-0.0207206	-0.0102516	-0.00813452	-0.0275379	-0.0915354	-0.0166089	-0.0100972	0.977607	0.037862	-0.0437209	-0.00681069	-0.0275379	-0.0915354	-0.0166089	-0.00813452	-0.0135777	-0.0207206	-0.0102516	-0.0275379	-0.0915354	-0.0166089	-0.0135777	-0.0207206	-0.0102516	-0.00813452
0.201062	0	0	6.93724	-0.0200223	-0.0370484	-0.0659311	-0.0262326	-0.104135	0.450159	-0.0482352	-0.0370484	-0.0659311	-0.0262326	-0.0200223	-0.104135	0.450159	-0.0482352	-0.0257628	0.128438	0.0509938	-0.299136	-0.0163738	-0.104135	0.450159	-0.0482352	-0.0200223	-0.0370484	-0.0659311	-0.0262326	-0.104135	0.450159	-0.0482352	-0.0370484	-0.0659311	-0.0262326	-0.0200223
0.201062	0	0	8.33836	-0.0143734	-0.028754	-0.0593385	-0.0193617	-0.118806	0.105173	-0.0395447	-0.028754	-0.0593385	-0.0193617	-0.0143734	-0.118806	0.105173	-0.0395447	-0.0189745	0.0557304	0.0278794	0.932173	-0.0115682	-0.118806	0.105173	-0.0395447	-0.0143734	-0.028754	-0.0593385	-0.0193617	-0.118806	0.105173	-0.0395447	-0.028754	-0.0593385	-0.0193617	-0.0143734
0.201062	0	0	10.9339	-0.0214763	-0.0534072	-0.228183	-0.0310347	0.422558	0.059851	-0.0898358	-0.0534072	-0.228183	-0.0310347	-0.0214763	0.422558	0.059851	-0.0898358	-0.0302434	0.0426309	0.0264559	0.10041	-0.0166498	0.422558	0.059851	-0.0898358	-0.0214763	-0.0534072	-0.228183	-0.0310347	0.422558	0.059851	-0.0898358	-0.0534072	-0.228183	-0.0310347	-0.0214763
0.201062	0	0	13.0135	-0.0277821	-0.095436	0.374983	-0.0437637	0.112961	0.0454594	-0.284165	-0.095436	0.374983	-0.0437637	-0.0277821	0.112961	0.0454594	-0.284165	-0.0423322	0.0354817	0.0241964	0.0632439	-0.0206757	0.112961	0.0454594	-0.284165	-0.0277821	-0.095436	0.374983	-0.0437637	0.112961	0.0454594	-0.284165	-0.095436	0.374983	-0.0437637	-0.0277821
0.201062	0	0	15.205	-0.0398254	-0.335659	0.118742	-0.0729429	0.0725338	0.0397023	0.327168	-0.335659	0.118742	-0.0729429	-0.0398254	0.0725338	0.0397023	0.327168	-0.0695433	0.0327305	0.023836	0.050448	-0.027902	0.0725338	0.0397023	0.327168	-0.0398254	-0.335659	0.118742	-0.0729429	0.0725338	0.0397023	0.327168	-0.335659	0.118742	-0.0729429	-0.0398254
0.201062	0	0	18.2753	-0.0977471	0.289989	0.0952809	-0.314077	0.0724037	0.0479425	0.139293	0.289989	0.0952809	-0.314077	-0.0977471	0.0724037	0.0479425	0.139293	-0.277919	0.0413659	0.0320293	0.0570055	-0.0593022	0.0724037	0.0479425	0.139293	-0.0977471	0.289989	0.0952809	-0.314077	0.0724037	0.0479425	0.139293	0.289989	0.0952809	-0.314077	-0.0977471
0.201062	0	0	20.3167	-0.0108427	0.01045	0.00519467	0.218423	0.00420057	0.0029862	0.00680517	0.01045	0.00519467	0.218423	-0.0108427	0.00420057	0.0029862	0.00680517	-0.898781	0.00262859	0.00209537	0.00345643	-0.00545424	0.00420057	0.0029862	0.00680517	-0.0108427	0.01045	0.00519467	0.218423	0.00420057	0.0029862	0.00680517	0.01045	0.00519467	0.218423	-0.0108427
0.201062	0	0	22.7351	-0.399653	0.0914281	0.0559872	0.226184	0.0473498	0.0356594	0.0684789	0.0914281	0.0559872	0.226184	-0.399653	0.0473498	0.0356594	0.0684789	0.249117	0.0319476	0.0261609	0.0403471	-0.110883	0.0473498	0.0356594	0.0684789	-0.399653	0.0914281	0.0559872	0.226184	0.0473498	0.0356594	0.0684789	0.0914281	0.0559872	0.226184	-0.399653
0.201062	0	0	27.58	0.135076	0.0402236	0.0295381	0.0609888	0.0262557	0.0212402	0.0337583	0.0402236	0.0295381	0.0609888	0.135076	0.0262557	0.0212402	0.0337583	0.0630208	0.0194883	0.016582	0.0233382	-0.942277	0.0262557	0.0212402	0.0337583	0.135076	0.0402236	0.0295381	0.0609888	0.0262557	0.0212402	0.0337583	0.0402236	0.0295381	0.0609888	0.135076
0.226195	0	0	0.438821	-0.0101401	-0.0154452	-0.02049	-0.0120951	-0.0251018	-0.041846	-0.0173097	-0.0154452	-0.02049	-0.0120951	-0.0101401	-0.0251018	-0.041846	-0.0173097	-0.0123939	-0.0669769	0.989953	-0.0304287	-0.00857992	-0.0251018	-0.041846	-0.0173097	-0.0101401	-0.0154452	-0.02049	-0.0120951	-0.0251018	-0.041846	-0.0173097	-0.0154452	-0.02049	-0.0120951	-0.0101401
0.226195	0	0	4.21926	-0.00854638	-0.0144435	-0.0213889	-0.0105789	-0.0293195	-0.0860225	-0.0168352	-0.0144435	-0.0213889	-0.0105789	-0.00854638	-0.0293195	-0.0860225	-0.0168352	-0.0109032	0.979157	0.042547	-0.0412014	-0.00702737	-0.0293195	-0.0860225	-0.0168352	-0.00854638	-0.0144435	-0.0213889	-0.0105789	-0.0293195	-0.0860225	-0.0168352	-0.0144435	-0.0213889	-0.0105789	-0.00854638
0.226195	0	0	6.98244	-0.0203615	-0.0386814	-0.0670866	-0.0262009	-0.1143	0.455123	-0.047476	-0.0386814	-0.0670866	-0.0262009	-0.0203615	-0.1143	0.455123	-0.047476	-0.0271755	0.119698	0.0518121	-0.252527	-0.0162796	-0.1143	0.455123	-0.047476	-0.0203615	-0.0386814	-0.0670866	-0.0262009	-0.1143	0.455123	-0.047476	-0.0386814	-0.0670866	-0.0262009	-0.0203615
0.226195	0	0	8.57641	-0.0120951	-0.0252909	-0.0519776	-0.0160312	-0.127879	0.0801222	-0.0326177	-0.0252909	-0.0519776	-0.0160312	-0.0120951	-0.127879	0.0801222	-0.0326177	-0.0167113	0.0418408	0.022624	0.94183	-0.00947721	-0.127879	0.0801222	-0.0326177	-0.0120951	-0.0252909	-0.0519776	-0.0160312	-0.127879	0.0801222	-0.0326177	-0.0252909	-0.0519776	-0.0160312	-0.0120951
0.226195	0	0	10.8115	-0.0235271	-0.0600967	-0.22381	-0.0329674	0.42043	0.0687272	-0.0883809	-0.0600967	-0.22381	-0.0329674	-0.0235271	0.42043	0.0687272	-0.0883809	-0.0347089	0.0467358	0.0297897	0.129808	-0.0177944	0.42043	0.0687272	-0.0883809	-0.0235271	-0.0600967	-0.22381	-0.0329674	0.42043	0.0687272	-0.0883809	-0.0600967	-0.22381	-0.0329674	-0.0235271
0.226195	0	0	13.1059	-0.0303399	-0.113953	0.383792	-0.0463407	0.111019	0.049047	-0.263415	-0.113953	0.383792	-0.0463407	-0.0303399	0.111019	0.049047	-0.263415	-0.0496125	0.0373267	0.0261975	0.0714963	-0.0218514	0.111019	0.049047	-0.263415	-0.0303399	-0.113953	0.383792	-0.0463407	0.111019	0.049047	-0.263415	-0.113953	0.383792	-0.0463407	-0.0303399
0.226195	0	0	15.2397	-0.0317514	-0.343023	0.0949289	-0.0554144	0.0552502	0.0316968	0.336824	-0.343023	0.0949289	-0.0554144	-0.0317514	0.0552502	0.0316968	0.336824	-0.0611093	0.0255661	0.0190245	0.0416951	-0.0214476	0.0552502	0.0316968	0.336824	-0.0317514	-0.343023	0.0949289	-0.0554144	0.0552502	0.0316968	0.336824	-0.343023	0.0949289	-0.0554144	-0.0317514
0.226195	0	0	18.2945	-0.102423	0.2749	0.100561	-0.289255	0.0741198	0.0505096	0.156328	0.2749	0.100561	-0.289255	-0.102423	0.0741198	0.0505096	0.156328	-0.374732	0.0428345	0.0337243	0.0615354	-0.0593183	0.0741198	0.0505096	0.156328	-0.102423	0.2749	0.100561	-0.289255	0.0741198	0.0505096	0.156328	0.2749	0.100561	-0.289255	-0.102423
0.226195	0	0	20.026	-0.0212666	0.0227528	0.0115257	-0.237391	0.0090217	0.00650806	0.0159539	0.0227528	0.0115257	-0.237391	-0.0212666	0.0090217	0.00650806	0.0159539	0.876605	0.00562629	0.00453414	0.0077176	-0.0105059	0.0090217	0.00650806	0.0159539	-0.0212666	0.0227528	0.0115257	-0.237391	0.0090217	0.00650806	0.0159539	0.0227528	0.0115257	-0.237391	-0.0212666
0.226195	0	0	22.8049	-0.399813	0.0860867	0.054765	0.241421	0.0454611	0.0349156	0.0688573	0.0860867	0.054765	0.241421	-0.399813	0.0454611	0.0349156	0.0688573	0.201091	0.0308856	0.0256271	0.0401551	-0.100249	0.0454611	0.0349156	0.0688573	-0.399813	0.0860867	0.054765	0.241421	0.0454611	0.0349156	0.0688573	0.0860867	0.054765	0.241421	-0.399813
0.226195	0	0	28.0484	0.132973	0.0421347	0.0318844	0.0660073	0.0280465	0.0231027	0.0369392	0.0421347	0.0318844	0.0660073	0.132973	0.0280465	0.0231027	0.0369392	0.0620968	0.0210187	0.0181138	0.0256455	-0.940561	0.0280465	0.0231027	0.0369392	0.132973	0.0421347	0.0318844	0.0660073	0.0280465	0.0231027	0.0369392	0.0421347	0.0318844	0.0660073	0.132973
0.251327	0	0	0.483129	-0.0100787	-0.0155911	-0.0203647	-0.0118786	-0.0255875	-0.0415851	-0.0169126	-0.0155911	-0.0203647	-0.0118786	-0.0100787	-0.0255875	-0.0415851	-0.0169126	-0.0126306	-0.0713057	0.989718	-0.0293513	-0.00838472	-0.0255875	-0.0415851	-0.0169126	-0.0100787	-0.0155911	-0.0203647	-0.0118786	-0.0255875	-0.0415851	-0.0169126	-0.0155911	-0.0203647	-0.0118786	-0.0100787
0.251327	0	0	4.03367	-0.00890803	-0.0152404	-0.0219181	-0.0108379	-0.0309622	-0.0812554	-0.0169631	-0.0152404	-0.0219181	-0.0108379	-0.00890803	-0.0309622	-0.0812554	-0.0169631	-0.0116816	0.980302	0.047595	-0.0390109	-0.0071988	-0.0309622	-0.0812554	-0.0169631	-0.00890803	-0.0152404	-0.0219181	-0.0108379	-0.0309622	-0.0812554	-0.0169631	-0.0152404	-0.0219181	-0.0108379	-0.00890803
0.251327	0	0	7.02542	-0.0204084	-0.0398183	-0.0672166	-0.0257977	-0.124181	0.457866	-0.0460792	-0.0398183	-0.0672166	-0.0257977	-0.0204084	-0.124181	0.457866	-0.0460792	-0.0282882	0.111006	0.0519606	-0.215496	-0.0159621	-0.124181	0.457866	-0.0460792	-0.0204084	-0.0398183	-0.0672166	-0.0257977	-0.124181	0.457866	-0.0460792	-0.0398183	-0.0672166	-0.0257977	-0.0204084
0.251327	0	0	8.81899	-0.00961118	-0.0210742	-0.0431108	-0.0125327	-0.14233	0.0580404	-0.0254025	-0.0210742	-0.0431108	-0.0125327	-0.00961118	-0.14233	0.0580404	-0.0254025	-0.0139459	0.0299406	0.0173446	0.944065	-0.00733215	-0.14233	0.0580404	-0.0254025	-0.00961118	-0.0210742	-0.0431108	-0.0125327	-0.14233	0.0580404	-0.0254025	-0.0210742	-0.0431108	-0.0125327	-0.00961118
0.251327	0	0	10.6977	-0.0254706	-0.0668632	-0.220304	-0.0346683	0.415754	0.077991	-0.0870804	-0.0668632	-0.220304	-0.0346683	-0.0254706	0.415754	0.077991	-0.0870804	-0.0394133	0.0505908	0.033131	0.170139	-0.0188147	0.415754	0.077991	-0.0870804	-0.0254706	-0.0668632	-0.220304	-0.0346683	0.415754	0.077991	-0.0870804	-0.0668632	-0.220304	-0.0346683	-0.0254706
0.251327	0	0	13.1887	-0.0323368	-0.133544	0.391201	-0.0478912	0.108079	0.0518219	-0.241545	-0.133544	0.391201	-0.0478912	-0.0323368	0.108079	0.0518219	-0.241545	-0.0570382	0.0384717	0.0277489	0.0793611	-0.0225647	0.108079	0.0518219	-0.241545	-0.0323368	-0.133544	0.391201	-0.0478912	0.108079	0.0518219	-0.241545	-0.133544	0.391201	-0.0478912	-0.0323368
0.251327	0	0	15.281	-0.0231082	-0.348383	0.0692226	-0.0385222	0.0384757	0.023091	0.344611	-0.348383	0.0692226	-0.0385222	-0.0231082	0.0384757	0.023091	0.344611	-0.049539	0.0182311	0.0138566	0.0314835	-0.0150686	0.0384757	0.023091	0.344611	-0.0231082	-0.348383	0.0692226	-0.0385222	0.0384757	0.023091	0.344611	-0.348383	0.0692226	-0.0385222	-0.0231082
0.251327	0	0	18.2743	-0.100952	0.253968	0.101312	-0.251695	0.0723289	0.0506107	0.169057	0.253968	0.101312	-0.251695	-0.100952	0.0723289	0.0506107	0.169057	-0.501213	0.0421692	0.0337303	0.0632775	-0.0561286	0.0723289	0.0506107	0.169057	-0.100952	0.253968	0.101312	-0.251695	0.0723289	0.0506107	0.169057	0.253968	0.101312	-0.251695	-0.100952
0.251327	0	0	19.7821	-0.0534199	0.0618346	0.0321273	-0.265504	0.0243336	0.0178414	0.0472659	0.0618346	0.0321273	-0.265504	-0.0534199	0.0243336	0.0178414	0.0472659	0.820422	0.0151472	0.0123498	0.0217013	-0.0258678	0.0243336	0.0178414	0.0472659	-0.0534199	0.0618346	0.0321273	-0.265504	0.0243336	0.0178414	0.0472659	0.0618346	0.0321273	-0.265504	-0.0534199
0.251327	0	0	22.8943	-0.3987	0.0798805	0.0527456	0.25434	0.0430063	0.0336784	0.0681874	0.0798805	0.0527456	0.25434	-0.3987	0.0430063	0.0336784	0.0681874	0.164507	0.0294238	0.0247363	0.0393714	-0.0901301	0.0430063	0.0336784	0.0681874	-0.3987	0.0798805	0.0527456	0.25434	0.0430063	0.0336784	0.0681874	0.0798805	0.0527456	0.25434	-0.3987
0.251327	0	0	28.5204	0.131465	0.0438926	0.0341447	0.070869	0.0297413	0.0249205	0.0400786	0.0438926	0.0341447	0.070869	0.131465	0.0297413	0.0249205	0.0400786	0.0614292	0.0224902	0.0196201	0.0279397	-0.938358	0.0297413	0.0249205	0.0400786	0.131465	0.0438926	0.0341447	0.070869	0.0297413	0.0249205	0.0400786	0.0438926	0.0341447	0.070869	0.131465
0.27646	0	0	0.532025	-0.0100074	-0.0157259	-0.0202192	-0.0116556	-0.0260723	-0.0412819	-0.0165122	-0.0157259	-0.0202192	-0.0116556	-0.0100074	-0.0260723	-0.0412819	-0.0165122	-0.0128667	-0.0762161	0.989425	-0.0283071	-0.00818786	-0.0260723	-0.0412819	-0.0165122	-0.0100074	-0.0157259	-0.0202192	-0.0116556	-0.0260723	-0.0412819	-0.0165122	-0.0157259	-0.0202192	-0.0116556	-0.0100074
0.27646	0	0	3.85227	-0.00922971	-0.0159832	-0.0223405	-0.0110445	-0.0324958	-0.0771046	-0.0170211	-0.0159832	-0.0223405	-0.0110445	-0.00922971	-0.0324958	-0.0771046	-0.0170211	-0.0124427	0.981113	0.0531263	-0.0370947	-0.00733552	-0.0324958	-0.0771046	-0.0170211	-0.00922971	-0.0159832	-0.0223405	-0.0110445	-0.0324958	-0.0771046	-0.0170211	-0.0159832	-0.0223405	-0.0110445	-0.00922971
0.27646	0	0	7.06754	-0.02023	-0.0405528	-0.0665546	-0.0251268	-0.134125	0.459094	-0.0442581	-0.0405528	-0.0665546	-0.0251268	-0.02023	-0.134125	0.459094	-0.0442581	-0.0291608	0.102588	0.0515952	-0.185484	-0.0154869	-0.134125	0.459094	-0.0442581	-0.02023	-0.0405528	-0.0665546	-0.0251268	-0.134125	0.459094	-0.0442581	-0.0405528	-0.0665546	-0.0251268	-0.02023
0.27646	0	0	9.0604	-0.00661623	-0.0152611	-0.0310272	-0.00848544	-0.164788	0.0367269	-0.0171259	-0.0152611	-0.0310272	-0.00848544	-0.00661623	-0.164788	0.0367269	-0.0171259	-0.0101193	0.0187303	0.0115359	0.937526	-0.00491483	-0.164788	0.0367269	-0.0171259	-0.00661623	-0.0152611	-0.0310272	-0.00848544	-0.164788	0.0367269	-0.0171259	-0.0152611	-0.0310272	-0.00848544	-0.00661623
0.27646	0	0	10.5968	-0.0272833	-0.0736875	-0.217655	-0.0361317	0.406762	0.0874521	-0.085857	-0.0736875	-0.217655	-0.0361317	-0.0272833	0.406762	0.0874521	-0.085857	-0.0443523	0.0540901	0.0364112	0.228207	-0.0197013	0.406762	0.0874521	-0.085857	-0.0272833	-0.0736875	-0.217655	-0.0361317	0.406762	0.0874521	-0.085857	-0.0736875	-0.217655	-0.0361317	-0.0272833
0.27646	0	0	13.2616	-0.0336785	-0.153839	0.396957	-0.0483708	0.104103	0.0536904	-0.218938	-0.153839	0.396957	-0.0483708	-0.0336785	0.104103	0.0536904	-0.218938	-0.064436	0.0388924	0.0287924	0.0866655	-0.0227968	0.104103	0.0536904	-0.218938	-0.0336785	-0.153839	0.396957	-0.0483708	0.104103	0.0536904	-0.218938	-0.153839	0.396957	-0.0483708	-0.0336785
0.27646	0	0	15.3291	-0.0140409	-0.351777	0.0421066	-0.0224065	0.0224	0.0140381	0.350183	-0.351777	0.0421066	-0.0224065	-0.0140409	0.0224	0.0140381	0.350183	-0.0339751	0.0108544	0.00842316	0.0198645	-0.00884898	0.0224	0.0140381	0.350183	-0.0140409	-0.351777	0.0421066	-0.0224065	0.0224	0.0140381	0.350183	-0.351777	0.0421066	-0.0224065	-0.0140409
0.27646	0	0	18.1866	-0.0908296	0.224163	0.0954422	-0.200262	0.0657688	0.0471225	0.173904	0.224163	0.0954422	-0.200262	-0.0908296	0.0657688	0.0471225	0.173904	-0.643012	0.0385378	0.0312842	0.0606279	-0.0488661	0.0657688	0.0471225	0.173904	-0.0908296	0.224163	0.0954422	-0.200262	0.0657688	0.0471225	0.173904	0.224163	0.0954422	-0.200262	-0.0908296
0.27646	0	0	19.617	-0.085364	0.102871	0.05538	-0.295962	0.040639	0.0303554	0.0869019	0.102871	0.05538	-0.295962	-0.085364	0.040639	0.0303554	0.0869019	0.721971	0.025321	0.0209078	0.0378885	-0.0402996	0.040639	0.0303554	0.0869019	-0.085364	0.102871	0.05538	-0.295962	0.040639	0.0303554	0.0869019	0.102871	0.05538	-0.295962	-0.085364
0.27646	0	0	22.9999	-0.396871	0.0733104	0.0501873	0.265628	0.0402198	0.0321047	0.0667228	0.0733104	0.0501873	0.265628	-0.396871	0.0402198	0.0321047	0.0667228	0.135939	0.0277115	0.0236012	0.0381532	-0.0806735	0.0402198	0.0321047	0.0667228	-0.396871	0.0733104	0.0501873	0.265628	0.0402198	0.0321047	0.0667228	0.0733104	0.0501873	0.265628	-0.396871
0.27646	0	0	28.9957	0.13046	0.0455442	0.0363442	0.0756269	0.031366	0.0267097	0.0432008	0.0455442	0.0363442	0.0756269	0.13046	0.031366	0.0267097	0.0432008	0.0609792	0.0239197	0.0211129	0.0302365	-0.935712	0.031366	0.0267097	0.0432008	0.13046	0.0455442	0.0363442	0.0756269	0.031366	0.0267097	0.0432008	0.0455442	0.0363442	0.0756269	0.13046
0.301593	0	0	0.585475	-0.00992457	-0.0158465	-0.0200502	-0.0114246	-0.0265518	-0.0409301	-0.0161063	-0.0158465	-0.0200502	-0.0114246	-0.00992457	-0.0265518	-0.0409301	-0.0161063	-0.0131002	-0.0818377	0.989058	-0.0272892	-0.00798817	-0.0265518	-0.0409301	-0.0161063	-0.00992457	-0.0158465	-0.0200502	-0.0114246	-0.0265518	-0.0409301	-0.0161063	-0.0158465	-0.0200502	-0.0114246	-0.00992457
0.301593	0	0	3.67523	-0.00951987	-0.0166842	-0.0226816	-0.0112113	-0.0339453	-0.0734719	-0.0170306	-0.0166842	-0.0226816	-0.0112113	-0.00951987	-0.0339453	-0.0734719	-0.0170306	-0.0131953	0.981633	0.0592865	-0.0354107	-0.0074459	-0.0339453	-0.0734719	-0.0170306	-0.00951987	-0.0166842	-0.0226816	-0.0112113	-0.0339453	-0.0734719	-0.0170306	-0.0166842	-0.0226816	-0.0112113	-0.00951987
0.301593	0	0	7.10954	-0.0198646	-0.04093	-0.0652374	-0.0242495	-0.144392	0.459189	-0.0421378	-0.04093	-0.0652374	-0.0242495	-0.0198646	-0.144392	0.459189	-0.0421378	-0.0298198	0.0945109	0.0508023	-0.160635	-0.0148927	-0.144392	0.459189	-0.0421378	-0.0198646	-0.04093	-0.0652374	-0.0242495	-0.144392	0.459189	-0.0421378	-0.04093	-0.0652374	-0.0242495	-0.0198646
0.301593	0	0	9.29151	-0.00260993	-0.00634973	-0.0127881	-0.00329091	-0.199699	0.0134622	-0.00660557	-0.00634973	-0.0127881	-0.00329091	-0.00260993	-0.199699	0.0134622	-0.00660557	-0.00422347	0.00678095	0.00440992	0.915756	-0.00188846	-0.199699	0.0134622	-0.00660557	-0.00260993	-0.00634973	-0.0127881	-0.00329091	-0.199699	0.0134622	-0.00660557	-0.00634973	-0.0127881	-0.00329091	-0.00260993
0.301593	0	0	10.5173	-0.028837	-0.0803157	-0.215459	-0.0372183	0.389473	0.0963654	-0.0843875	-0.0803157	-0.215459	-0.0372183	-0.028837	0.389473	0.0963654	-0.0843875	-0.0493582	0.0568634	0.0393769	0.315623	-0.0203686	0.389473	0.0963654	-0.0843875	-0.028837	-0.0803157	-0.215459	-0.0372183	0.389473	0.0963654	-0.0843875	-0.0803157	-0.215459	-0.0372183	-0.028837
0.301593	0	0	13.3244	-0.0343029	-0.174405	0.400891	-0.0477913	0.099111	0.0545913	-0.196047	-0.174405	0.400891	-0.0477913	-0.0343029	0.099111	0.0545913	-0.196047	-0.0716252	0.0385904	0.0292899	0.0932603	-0.0225517	0.099111	0.0545913	-0.196047	-0.0343029	-0.174405	0.400891	-0.0477913	0.099111	0.0545913	-0.196047	-0.174405	0.400891	-0.0477913	-0.0343029
0.301593	0	0	15.3836	-0.00471056	-0.353359	0.0141312	-0.00720991	0.00720983	0.00471042	0.353168	-0.353359	0.0141312	-0.00720991	-0.00471056	0.00720983	0.00471042	0.353168	-0.0130853	0.00356851	0.00282626	0.00692708	-0.00287227	0.00720983	0.00471042	0.353168	-0.00471056	-0.353359	0.0141312	-0.00720991	0.00720983	0.00471042	0.353168	-0.353359	0.0141312	-0.00720991	-0.00471056
0.301593	0	0	18.0154	-0.0736987	0.187522	0.0835149	-0.144343	0.0552357	0.0404115	0.171128	0.187522	0.0835149	-0.144343	-0.0736987	0.0552357	0.0404115	0.171128	-0.764433	0.0323879	0.0266546	0.0537198	-0.0387156	0.0552357	0.0404115	0.171128	-0.0736987	0.187522	0.0835149	-0.144343	0.0552357	0.0404115	0.171128	0.187522	0.0835149	-0.144343	-0.0736987
0.301593	0	0	19.5493	-0.112973	0.13562	0.0764853	-0.317348	0.0545353	0.0416015	0.128007	0.13562	0.0764853	-0.317348	-0.112973	0.0545353	0.0416015	0.128007	0.59774	0.0341298	0.0285708	0.0532615	-0.0516096	0.0545353	0.0416015	0.128007	-0.112973	0.13562	0.0764853	-0.317348	0.0545353	0.0416015	0.128007	0.13562	0.0764853	-0.317348	-0.112973
0.301593	0	0	23.1193	-0.39461	0.066656	0.04725	0.275701	0.0372416	0.0302908	0.0646146	0.066656	0.04725	0.275701	-0.39461	0.0372416	0.0302908	0.0646146	0.113108	0.0258392	0.0222903	0.0365956	-0.0718939	0.0372416	0.0302908	0.0646146	-0.39461	0.066656	0.04725	0.275701	0.0372416	0.0302908	0.0646146	0.066656	0.04725	0.275701	-0.39461
0.301593	0	0	29.474	0.12989	0.0471238	0.0385034	0.080324	0.0329411	0.0284833	0.046326	0.0471238	0.0385034	0.080324	0.12989	0.0329411	0.0284833	0.046326	0.0607168	0.0253204	0.0226015	0.0325492	-0.932645	0.0329411	0.0284833	0.046326	0.12989	0.0471238	0.0385034	0.080324	0.0329411	0.0284833	0.046326	0.0471238	0.0385034	0.080324	0.12989
0.326726	0	0	0.643434	-0.00982816	-0.0159489	-0.0198535	-0.0111834	-0.0270197	-0.0405209	-0.0156918	-0.0159489	-0.0198535	-0.0111834	-0.00982816	-0.0270197	-0.0405209	-0.0156918	-0.0133279	-0.0883409	0.988591	-0.0262898	-0.00778416	-0.0270197	-0.0405209	-0.0156918	-0.00982816	-0.0159489	-0.0198535	-0.0111834	-0.0270197	-0.0405209	-0.0156918	-0.0159489	-0.0198535	-0.0111834	-0.00982816
0.326726	0	0	3.50267	-0.00978576	-0.0173542	-0.0229627	-0.0113486	-0.0353329	-0.0702827	-0.0170081	-0.0173542	-0.0229627	-0.0113486	-0.00978576	-0.0353329	-0.0702827	-0.0170081	-0.0139478	0.981879	0.0662585	-0.0339271	-0.00753678	-0.0353329	-0.0702827	-0.0170081	-0.00978576	-0.0173542	-0.0229627	-0.0113486	-0.0353329	-0.0702827	-0.0170081	-0.0173542	-0.0229627	-0.0113486	-0.00978576
0.326726	0	0	7.15175	-0.0193326	-0.0409615	-0.0633402	-0.0232011	-0.155192	0.458345	-0.0397901	-0.0409615	-0.0633402	-0.0232011	-0.0193326	-0.155192	0.458345	-0.0397901	-0.0302681	0.0867612	0.0496246	-0.139619	-0.0142016	-0.155192	0.458345	-0.0397901	-0.0193326	-0.0409615	-0.0633402	-0.0232011	-0.155192	0.458345	-0.0397901	-0.0409615	-0.0633402	-0.0232011	-0.0193326
0.326726	0	0	9.49468	-0.00313646	-0.00805598	-0.0159627	-0.00388577	0.25233	0.0152792	-0.00773666	-0.00805598	-0.0159627	-0.00388577	-0.00313646	0.25233	0.0152792	-0.00773666	-0.00538755	0.00757246	0.00516681	-0.86177	-0.00221215	0.25233	0.0152792	-0.00773666	-0.00313646	-0.00805598	-0.0159627	-0.00388577	0.25233	0.0152792	-0.00773666	-0.00805598	-0.0159627	-0.00388577	-0.00313646
0.326726	0	0	10.4766	-0.0296685	-0.0856313	-0.21179	-0.0373833	0.355326	0.102348	-0.0815819	-0.0856313	-0.21179	-0.0373833	-0.0296685	0.355326	0.102348	-0.0815819	-0.0536657	0.0577814	0.0412151	0.447495	-0.0205012	0.355326	0.102348	-0.0815819	-0.0296685	-0.0856313	-0.21179	-0.0373833	0.355326	0.102348	-0.0815819	-0.0856313	-0.21179	-0.0373833	-0.0296685
0.326726	0	0	13.3771	-0.0341891	-0.194786	0.402952	-0.0462234	0.093181	0.0545039	-0.173357	-0.194786	0.402952	-0.0462234	-0.0341891	0.093181	0.0545039	-0.173357	-0.078438	0.0375976	0.0292287	0.0990372	-0.0218583	0.093181	0.0545039	-0.173357	-0.0341891	-0.194786	0.402952	-0.0462234	0.093181	0.0545039	-0.173357	-0.194786	0.402952	-0.0462234	-0.0341891
0.326726	0	0	15.4437	-0.00470988	0.353408	0.0141297	-0.00692614	0.00692625	0.00470983	-0.353106	0.353408	0.0141297	-0.00692614	-0.00470988	0.00692625	0.00470983	-0.353106	-0.0153586	0.0034974	0.00282589	0.00720894	-0.00278141	0.00692625	0.00470983	-0.353106	-0.00470988	0.353408	0.0141297	-0.00692614	0.00692625	0.00470983	-0.353106	0.353408	0.0141297	-0.00692614	-0.00470988
0.326726	0	0	17.7736	-0.0551239	0.150563	0.0691177	-0.0969447	0.0435796	0.0324962	0.166956	0.150563	0.0691177	-0.0969447	-0.0551239	0.0435796	0.0324962	0.166956	-0.844527	0.0254769	0.0212415	0.0448544	-0.0284918	0.0435796	0.0324962	0.166956	-0.0551239	0.150563	0.0691177	-0.0969447	0.0435796	0.0324962	0.166956	0.150563	0.0691177	-0.0969447	-0.0551239
0.326726	0	0	19.5684	-0.133644	0.154186	0.0917698	-0.32555	0.0637936	0.0497842	0.163449	0.154186	0.0917698	-0.32555	-0.133644	0.0637936	0.0497842	0.163449	0.481972	0.0402165	0.0341571	0.0653254	-0.0586856	0.0637936	0.0497842	0.163449	-0.133644	0.154186	0.0917698	-0.32555	0.0637936	0.0497842	0.163449	0.154186	0.0917698	-0.32555	-0.133644
0.326726	0	0	23.2511	-0.392071	0.0600778	0.0440393	0.284822	0.0341599	0.0282998	0.061958	0.0600778	0.0440393	0.284822	-0.392071	0.0341599	0.0282998	0.061958	0.0944867	0.0238646	0.0208485	0.0347597	-0.0637567	0.0341599	0.0282998	0.061958	-0.392071	0.0600778	0.0440393	0.284822	0.0341599	0.0282998	0.061958	0.0600778	0.0440393	0.284822	-0.392071
0.326726	0	0	29.955	0.129698	0.0486577	0.0406387	0.084996	0.0344824	0.030252	0.0494711	0.0486577	0.0406387	0.084996	0.129698	0.0344824	0.030252	0.0494711	0.0606183	0.0267031	0.024094	0.0348889	-0.929165	0.0344824	0.030252	0.0494711	0.129698	0.0486577	0.0406387	0.084996	0.0344824	0.030252	0.0494711	0.0486577	0.0406387	0.084996	0.129698
0.351858	0	0	0.705844	-0.00971539	-0.0160275	-0.0196236	-0.0109294	-0.0274671	-0.0400425	-0.0152646	-0.0160275	-0.0196236	-0.0109294	-0.00971539	-0.0274671	-0.0400425	-0.0152646	-0.0135454	-0.095955	0.98799	-0.0253002	-0.00757385	-0.0274671	-0.0400425	-0.0152646	-0.00971539	-0.0160275	-0.0196236	-0.0109294	-0.0274671	-0.0400425	-0.0152646	-0.0160275	-0.0196236	-0.0109294	-0.00971539
0.351858	0	0	3.33472	-0.0100339	-0.0180038	-0.0232018	-0.0114654	-0.0366801	-0.0674812	-0.0169671	-0.0180038	-0.0232018	-0.0114654	-0.0100339	-0.0366801	-0.0674812	-0.0169671	-0.0147087	0.981844	0.0742817	-0.0326196	-0.00761403	-0.0366801	-0.0674812	-0.0169671	-0.0100339	-0.0180038	-0.0232018	-0.0114654	-0.0366801	-0.0674812	-0.0169671	-0.0180038	-0.0232018	-0.0114654	-0.0100339
0.351858	0	0	7.19419	-0.0186423	-0.0406348	-0.0608986	-0.0220006	-0.1667	0.456635	-0.0372541	-0.0406348	-0.0608986	-0.0220006	-0.0186423	-0.1667	0.456635	-0.0372541	-0.03049	0.0792903	0.0480755	-0.121477	-0.0134255	-0.1667	0.456635	-0.0372541	-0.0186423	-0.0406348	-0.0608986	-0.0220006	-0.1667	0.456635	-0.0372541	-0.0406348	-0.0608986	-0.0220006	-0.0186423
0.351858	0	0	9.63953	-0.0108361	-0.0292947	-0.0563866	-0.013178	0.318538	0.0511758	-0.0259009	-0.0292947	-0.0563866	-0.013178	-0.0108361	0.318538	0.0511758	-0.0259009	-0.0197879	0.0247436	0.0176008	-0.749861	-0.00746091	0.318538	0.0511758	-0.0259009	-0.0108361	-0.0292947	-0.0563866	-0.013178	0.318538	0.0511758	-0.0259009	-0.0292947	-0.0563866	-0.013178	-0.0108361
0.351858	0	0	10.5051	-0.0287142	-0.0867458	-0.201754	-0.0353919	0.293509	0.100216	-0.0750746	-0.0867458	-0.201754	-0.0353919	-0.0287142	0.293509	0.100216	-0.0750746	-0.0552519	0.0545196	0.040139	0.619236	-0.0193975	0.293509	0.100216	-0.0750746	-0.0287142	-0.0867458	-0.201754	-0.0353919	0.293509	0.100216	-0.0750746	-0.0867458	-0.201754	-0.0353919	-0.0287142
0.351858	0	0	13.4205	-0.0333582	-0.21456	0.403203	-0.043788	0.086442	0.0534494	-0.151328	-0.21456	0.403203	-0.043788	-0.0333582	0.086442	0.0534494	-0.151328	-0.0847377	0.0359743	0.0286218	0.103939	-0.0207666	0.086442	0.0534494	-0.151328	-0.0333582	-0.21456	0.403203	-0.043788	0.086442	0.0534494	-0.151328	-0.21456	0.403203	-0.043788	-0.0333582
0.351858	0	0	15.5071	-0.0140284	0.352286	0.0421132	-0.0198497	0.0198593	0.0140329	-0.349267	0.352286	0.0421132	-0.0198497	-0.0140284	0.0198593	0.0140329	-0.349267	-0.0553496	0.0102177	0.00841917	0.0223952	-0.00803206	0.0198593	0.0140329	-0.349267	-0.0140284	0.352286	0.0421132	-0.0198497	0.0198593	0.0140329	-0.349267	0.352286	0.0421132	-0.0198497	-0.0140284
0.351858	0	0	17.4894	-0.0385309	0.115869	0.0543921	-0.0617309	0.0324676	0.0246582	0.1675	0.115869	0.0543921	-0.0617309	-0.0385309	0.0324676	0.0246582	0.1675	-0.890027	0.0188788	0.0159429	0.0355371	-0.0196917	0.0324676	0.0246582	0.1675	-0.0385309	0.115869	0.0543921	-0.0617309	0.0324676	0.0246582	0.1675	0.115869	0.0543921	-0.0617309	-0.0385309
0.351858	0	0	19.649	-0.148679	0.161252	0.101546	-0.324688	0.0690206	0.0551429	0.192047	0.161252	0.101546	-0.324688	-0.148679	0.0690206	0.0551429	0.192047	0.391323	0.0439071	0.0378478	0.0741069	-0.0624718	0.0690206	0.0551429	0.192047	-0.148679	0.161252	0.101546	-0.324688	0.0690206	0.0551429	0.192047	0.161252	0.101546	-0.324688	-0.148679
0.351858	0	0	23.3941	-0.389342	0.0536689	0.0406294	0.29316	0.0310332	0.0261756	0.0588169	0.0536689	0.0406294	0.29316	-0.389342	0.0310332	0.0261756	0.0588169	0.0790316	0.0218272	0.0193071	0.0326875	-0.0562112	0.0310332	0.0261756	0.0588169	-0.389342	0.0536689	0.0406294	0.29316	0.0310332	0.0261756	0.0588169	0.0536689	0.0406294	0.29316	-0.389342
0.376991	0	0	0.772622	-0.00958237	-0.0160745	-0.0193524	-0.0106585	-0.0278805	-0.0394788	-0.0148195	-0.0160745	-0.0193524	-0.0106585	-0.00958237	-0.0278805	-0.0394788	-0.0148195	-0.0137463	-0.104995	0.987201	-0.0243097	-0.00735458	-0.0278805	-0.0394788	-0.0148195	-0.00958237	-0.0160745	-0.0193524	-0.0106585	-0.0278805	-0.0394788	-0.0148195	-0.0160745	-0.0193524	-0.0106585	-0.00958237
0.376991	0	0	3.17153	-0.0102708	-0.0186433	-0.0234154	-0.0115697	-0.0380087	-0.0650267	-0.0169193	-0.0186433	-0.0234154	-0.0115697	-0.0102708	-0.0380087	-0.0650267	-0.0169193	-0.0154873	0.981494	0.0836795	-0.0314708	-0.007683	-0.0380087	-0.0650267	-0.0169193	-0.0102708	-0.0186433	-0.0234154	-0.0115697	-0.0380087	-0.0650267	-0.0169193	-0.0186433	-0.0234154	-0.0115697	-0.0102708
0.376991	0	0	7.23668	-0.0177943	-0.0399181	-0.0579223	-0.0206562	-0.17907	0.454053	-0.0345487	-0.0399181	-0.0579223	-0.0206562	-0.0177943	-0.17907	0.454053	-0.0345487	-0.0304529	0.0720331	0.0461483	-0.10551	-0.0125695	-0.17907	0.454053	-0.0345487	-0.0177943	-0.0399181	-0.0579223	-0.0206562	-0.17907	0.454053	-0.0345487	-0.0399181	-0.0579223	-0.0206562	-0.0177943
0.376991	0	0	9.70137	-0.0184766	-0.0521807	-0.0959293	-0.0220344	0.372393	0.0875261	-0.0424917	-0.0521807	-0.0959293	-0.0220344	-0.0184766	0.372393	0.0875261	-0.0424917	-0.0358379	0.0407584	0.0300529	-0.593646	-0.0124468	0.372393	0.0875261	-0.0424917	-0.0184766	-0.0521807	-0.0959293	-0.0220344	0.372393	0.0875261	-0.0424917	-0.0521807	-0.0959293	-0.0220344	-0.0184766
0.376991	0	0	10.6276	-0.0255278	-0.0820115	-0.183541	-0.0308372	0.214173	0.0876105	-0.0642431	-0.0820115	-0.183541	-0.0308372	-0.0255278	0.214173	0.0876105	-0.0642431	-0.0528039	0.0464432	0.0353648	0.771211	-0.0168328	0.214173	0.0876105	-0.0642431	-0.0255278	-0.0820115	-0.183541	-0.0308372	0.214173	0.0876105	-0.0642431	-0.0820115	-0.183541	-0.0308372	-0.0255278
0.376991	0	0	13.455	-0.0318683	-0.233373	0.401811	-0.0406405	0.0790561	0.0514855	-0.130348	-0.233373	0.401811	-0.0406405	-0.0318683	0.0790561	0.0514855	-0.130348	-0.0904303	0.0338027	0.0275049	0.107963	-0.0193423	0.0790561	0.0514855	-0.130348	-0.0318683	-0.233373	0.401811	-0.0406405	0.0790561	0.0514855	-0.130348	-0.233373	0.401811	-0.0406405	-0.0318683
0.376991	0	0	15.5696	-0.022986	0.350282	0.0692279	-0.0313327	0.0314167	0.0230306	-0.340119	0.350282	0.0692279	-0.0313327	-0.022986	0.0314167	0.0230306	-0.340119	-0.114488	0.0164459	0.013813	0.0384095	-0.0127755	0.0314167	0.0230306	-0.340119	-0.022986	0.350282	0.0692279	-0.0313327	0.0314167	0.0230306	-0.340119	0.350282	0.0692279	-0.0313327	-0.022986
0.376991	0	0	17.1876	-0.0240127	0.0805224	0.0385577	-0.0355498	0.0216406	0.0167432	0.17665	0.0805224	0.0385577	-0.0355498	-0.0240127	0.0216406	0.0167432	0.17665	-0.912074	0.0125	0.0106934	0.0253477	-0.0121665	0.0216406	0.0167432	0.17665	-0.0240127	0.0805224	0.0385577	-0.0355498	0.0216406	0.0167432	0.17665	0.0805224	0.0385577	-0.0355498	-0.0240127
0.376991	0	0	19.7706	-0.160208	0.161424	0.107479	-0.319195	0.0715921	0.0585573	0.215505	0.161424	0.107479	-0.319195	-0.160208	0.0715921	0.0585573	0.215505	0.324064	0.0459957	0.0402408	0.0805581	-0.0642277	0.0715921	0.0585573	0.215505	-0.160208	0.161424	0.107479	-0.319195	0.0715921	0.0585573	0.215505	0.161424	0.107479	-0.319195	-0.160208
0.376991	0	0	23.5476	-0.386475	0.0474833	0.0370754	0.300837	0.0279018	0.0239509	0.0552362	0.0474833	0.0370754	0.300837	-0.386475	0.0279018	0.0239509	0.0552362	0.0660136	0.019755	0.0176891	0.0304099	-0.0492044	0.0279018	0.0239509	0.0552362	-0.386475	0.0474833	0.0370754	0.300837	0.0279018	0.0239509	0.0552362	0.0474833	0.0370754	0.300837	-0.386475
0.402124	0	0	0.843652	-0.00942358	-0.0160788	-0.0190288	-0.0103653	-0.02824	-0.0388065	-0.0143487	-0.0160788	-0.0190288	-0.0103653	-0.00942358	-0.02824	-0.0388065	-0.0143487	-0.0139208	-0.115904	0.986141	-0.0233046	-0.00712257	-0.02824	-0.0388065	-0.0143487	-0.00942358	-0.0160788	-0.0190288	-0.0103653	-0.02824	-0.0388065	-0.0143487	-0.0160788	-0.0190288	-0.0103653	-0.00942358
0.402124	0	0	3.01325	-0.010503	-0.0192847	-0.0236199	-0.0116694	-0.0393429	-0.0628926	-0.0168756	-0.0192847	-0.0236199	-0.0116694	-0.010503	-0.0393429	-0.0628926	-0.0168756	-0.0162942	0.980756	0.0949034	-0.0304694	-0.00774893	-0.0393429	-0.0628926	-0.0168756	-0.010503	-0.0192847	-0.0236199	-0.0116694	-0.0393429	-0.0628926	-0.0168756	-0.0192847	-0.0236199	-0.0116694	-0.010503
0.402124	0	0	7.27884	-0.0167839	-0.0387643	-0.0544047	-0.0191698	-0.192435	0.450533	-0.0316807	-0.0387643	-0.0544047	-0.0191698	-0.0167839	-0.192435	0.450533	-0.0316807	-0.0301091	0.0649191	0.0438213	-0.0912025	-0.0116348	-0.192435	0.450533	-0.0316807	-0.0167839	-0.0387643	-0.0544047	-0.0191698	-0.192435	0.450533	-0.0316807	-0.0387643	-0.0544047	-0.0191698	-0.0167839
0.402124	0	0	9.69505	-0.0239133	-0.0700211	-0.121408	-0.0279536	0.398501	0.116903	-0.0526793	-0.0700211	-0.121408	-0.0279536	-0.0239133	0.398501	0.116903	-0.0526793	-0.0491988	0.0518129	0.0394556	-0.45621	-0.0157953	0.398501	0.116903	-0.0526793	-0.0239133	-0.0700211	-0.121408	-0.0279536	0.398501	0.116903	-0.0526793	-0.0700211	-0.121408	-0.0279536	-0.0239133
0.402124	0	0	10.8297	-0.0216987	-0.0754596	-0.165438	-0.0257209	0.147737	0.0715494	-0.0530281	-0.0754596	-0.165438	-0.0257209	-0.0216987	0.147737	0.0715494	-0.0530281	-0.0488779	0.0373278	0.0294141	0.859851	-0.0139446	0.147737	0.0715494	-0.0530281	-0.0216987	-0.0754596	-0.165438	-0.0257209	0.147737	0.0715494	-0.0530281	-0.0754596	-0.165438	-0.0257209	-0.0216987
0.402124	0	0	13.4817	-0.0298038	-0.25097	0.399009	-0.0369513	0.0711984	0.048695	-0.110707	-0.25097	0.399009	-0.0369513	-0.0298038	0.0711984	0.048695	-0.110707	-0.0954671	0.0311769	0.0259297	0.111149	-0.0176582	0.0711984	0.048695	-0.110707	-0.0298038	-0.25097	0.399009	-0.0369513	0.0711984	0.048695	-0.110707	-0.25097	0.399009	-0.0369513	-0.0298038
0.402124	0	0	15.6215	-0.0310591	0.346927	0.0944918	-0.0408215	0.0411987	0.0312763	-0.321882	0.346927	0.0944918	-0.0408215	-0.0310591	0.0411987	0.0312763	-0.321882	-0.207578	0.0218997	0.0187395	0.0546944	-0.0167853	0.0411987	0.0312763	-0.321882	-0.0310591	0.346927	0.0944918	-0.0408215	0.0411987	0.0312763	-0.321882	0.346927	0.0944918	-0.0408215	-0.0310591
0.402124	0	0	16.8901	-0.0100849	0.0377605	0.0184969	-0.0139703	0.00969981	0.00765256	0.198747	0.0377605	0.0184969	-0.0139703	-0.0100849	0.00969981	0.00765256	0.198747	-0.912633	0.00556462	0.00482422	0.0122484	-0.00507044	0.00969981	0.00765256	0.198747	-0.0100849	0.0377605	0.0184969	-0.0139703	0.00969981	0.00765256	0.198747	0.0377605	0.0184969	-0.0139703	-0.0100849
0.402124	0	0	19.9208	-0.169639	0.15784	0.110861	-0.311497	0.0724992	0.0606869	0.235438	0.15784	0.110861	-0.311497	-0.169639	0.0724992	0.0606869	0.235438	0.273901	0.0470567	0.0417785	0.0854328	-0.0647641	0.0724992	0.0606869	0.235438	-0.169639	0.15784	0.110861	-0.311497	0.0724992	0.0606869	0.235438	0.15784	0.110861	-0.311497	-0.169639
0.402124	0	0	23.7109	-0.383503	0.0415511	0.03342	0.307937	0.0247943	0.0216509	0.051249	0.0415511	0.03342	0.307937	-0.383503	0.0247943	0.0216509	0.051249	0.0549097	0.0176688	0.0160122	0.0279504	-0.0426862	0.0247943	0.0216509	0.051249	-0.383503	0.0415511	0.03342	0.307937	0.0247943	0.0216509	0.051249	0.0415511	0.03342	0.307937	-0.383503
0.427257	0	0	0.918764	-0.00923088	-0.0160239	-0.0186363	-0.0100417	-0.0285148	-0.0379917	-0.0138412	-0.0160239	-0.0186363	-0.0100417	-0.00923088	-0.0285148	-0.0379917	-0.0138412	-0.0140541	-0.129327	0.984673	-0.0222664	-0.00687237	-0.0285148	-0.0379917	-0.0138412	-0.00923088	-0.0160239	-0.0186363	-0.0100417	-0.0285148	-0.0379917	-0.0138412	-0.0160239	-0.0186363	-0.0100417	-0.00923088
0.427257	0	0	2.86011	-0.0107382	-0.0199418	-0.0238327	-0.0117731	-0.0407125	-0.0610659	-0.0168475	-0.0199418	-0.0238327	-0.0117731	-0.0107382	-0.0407125	-0.0610659	-0.0168475	-0.0171433	0.979496	0.108605	-0.0296099	-0.00781748	-0.0407125	-0.0610659	-0.0168475	-0.0107382	-0.0199418	-0.0238327	-0.0117731	-0.0407125	-0.0610659	-0.0168475	-0.0199418	-0.0238327	-0.0117731	-0.0107382
0.427257	0	0	7.32016	-0.015603	-0.0371137	-0.0503304	-0.0175392	-0.206902	0.445958	-0.0286499	-0.0371137	-0.0503304	-0.0175392	-0.015603	-0.206902	0.445958	-0.0286499	-0.0293951	0.0578776	0.041062	-0.078167	-0.0106201	-0.206902	0.445958	-0.0286499	-0.015603	-0.0371137	-0.0503304	-0.0175392	-0.206902	0.445958	-0.0286499	-0.0371137	-0.0503304	-0.0175392	-0.015603
0.427257	0	0	9.65359	-0.0274136	-0.0828575	-0.134782	-0.0314177	0.406387	0.140643	-0.057805	-0.0828575	-0.134782	-0.0314177	-0.0274136	0.406387	0.140643	-0.057805	-0.0598157	0.058857	0.0462111	-0.361023	-0.0177815	0.406387	0.140643	-0.057805	-0.0274136	-0.0828575	-0.134782	-0.0314177	0.406387	0.140643	-0.057805	-0.0828575	-0.134782	-0.0314177	-0.0274136
0.427257	0	0	11.0787	-0.0183998	-0.0704645	-0.152849	-0.0214132	0.102967	0.0576003	-0.043866	-0.0704645	-0.152849	-0.0214132	-0.0183998	0.102967	0.0576003	-0.043866	-0.0457875	0.0297483	0.0242339	0.90356	-0.0115132	0.102967	0.0576003	-0.043866	-0.0183998	-0.0704645	-0.152849	-0.0214132	0.102967	0.0576003	-0.043866	-0.0704645	-0.152849	-0.0214132	-0.0183998
0.427257	0	0	13.5016	-0.0272631	-0.267191	0.395065	-0.0328878	0.0630393	0.0451733	-0.092587	-0.267191	0.395065	-0.0328878	-0.0272631	0.0630393	0.0451733	-0.092587	-0.0998403	0.0281937	0.0239563	0.11357	-0.015787	0.0630393	0.0451733	-0.092587	-0.0272631	-0.267191	0.395065	-0.0328878	0.0630393	0.0451733	-0.092587	-0.267191	0.395065	-0.0328878	-0.0272631
0.427257	0	0	15.6404	-0.0367672	0.338263	0.114941	-0.0466095	0.0478339	0.0375241	-0.28527	0.338263	0.114941	-0.0466095	-0.0367672	0.0478339	0.0375241	-0.28527	-0.358798	0.0257366	0.0224221	0.0692331	-0.0193764	0.0478339	0.0375241	-0.28527	-0.0367672	0.338263	0.114941	-0.0466095	0.0478339	0.0375241	-0.28527	0.338263	0.114941	-0.0466095	-0.0367672
0.427257	0	0	16.6261	-0.00556967	0.0229081	0.0116053	-0.0072975	0.00566539	0.00456569	-0.239487	0.0229081	0.0116053	-0.0072975	-0.00556967	0.00566539	0.00456569	-0.239487	0.875962	0.00323239	0.00284185	0.00777109	-0.00277601	0.00566539	0.00456569	-0.239487	-0.00556967	0.0229081	0.0116053	-0.0072975	0.00566539	0.00456569	-0.239487	0.0229081	0.0116053	-0.0072975	-0.00556967
0.427257	0	0	20.0925	-0.177755	0.152262	0.112483	-0.302724	0.072329	0.061926	0.252861	0.152262	0.112483	-0.302724	-0.177755	0.072329	0.061926	0.252861	0.235559	0.0474298	0.0427234	0.0891835	-0.0645301	0.072329	0.061926	0.252861	-0.177755	0.152262	0.112483	-0.302724	0.072329	0.061926	0.252861	0.152262	0.112483	-0.302724	-0.177755
0.427257	0	0	23.8835	-0.380447	0.0358872	0.0296969	0.314527	0.0217314	0.0192958	0.0468808	0.0358872	0.0296969	0.314527	-0.380447	0.0217314	0.0192958	0.0468808	0.0453368	0.0155842	0.0142906	0.025328	-0.0366111	0.0217314	0.0192958	0.0468808	-0.380447	0.0358872	0.0296969	0.314527	0.0217314	0.0192958	0.0468808	0.0358872	0.0296969	0.314527	-0.380447
0.452389	0	0	0.997699	-0.00899183	-0.0158847	-0.0181496	-0.00967522	-0.0286565	-0.0369823	-0.0132804	-0.0158847	-0.0181496	-0.00967522	-0.00899183	-0.0286565	-0.0369823	-0.0132804	-0.0141224	-0.146232	0.982568	-0.0211679	-0.00659566	-0.0286565	-0.0369823	-0.0132804	-0.00899183	-0.0158847	-0.0181496	-0.00967522	-0.0286565	-0.0369823	-0.0132804	-0.0158847	-0.0181496	-0.00967522	-0.00899183
0.452389	0	0	2.71237	-0.0109859	-0.020633	-0.0240747	-0.0118909	-0.0421559	-0.0595488	-0.0168482	-0.020633	-0.0240747	-0.0118909	-0.0109859	-0.0421559	-0.0595488	-0.0168482	-0.0180526	0.977478	0.125762	-0.0288943	-0.00789531	-0.0421559	-0.0595488	-0.0168482	-0.0109859	-0.020633	-0.0240747	-0.0118909	-0.0421559	-0.0595488	-0.0168482	-0.020633	-0.0240747	-0.0118909	-0.0109859
0.452389	0	0	7.35992	-0.0142424	-0.0348974	-0.0456829	-0.0157608	-0.222542	0.440173	-0.025454	-0.0348974	-0.0456829	-0.0157608	-0.0142424	-0.222542	0.440173	-0.025454	-0.0282325	0.0508431	0.0378305	-0.0661171	-0.00952327	-0.222542	0.440173	-0.025454	-0.0142424	-0.0348974	-0.0456829	-0.0157608	-0.222542	0.440173	-0.025454	-0.0348974	-0.0456829	-0.0157608	-0.0142424
0.452389	0	0	9.59886	-0.0298057	-0.0928044	-0.14149	-0.0335082	0.405452	0.161967	-0.0602349	-0.0928044	-0.14149	-0.0335082	-0.0298057	0.405452	0.161967	-0.0602349	-0.0690478	0.0636614	0.0515044	-0.297625	-0.0190047	0.405452	0.161967	-0.0602349	-0.0298057	-0.0928044	-0.14149	-0.0335082	0.405452	0.161967	-0.0602349	-0.0928044	-0.14149	-0.0335082	-0.0298057
0.452389	0	0	11.3536	-0.015685	-0.0673655	-0.145308	-0.0179231	0.0735686	0.0463925	-0.0365542	-0.0673655	-0.145308	-0.0179231	-0.015685	0.0735686	0.0463925	-0.0365542	-0.0438479	0.0237926	0.0200031	0.925493	-0.00955068	0.0735686	0.0463925	-0.0365542	-0.015685	-0.0673655	-0.145308	-0.0179231	0.0735686	0.0463925	-0.0365542	-0.0673655	-0.145308	-0.0179231	-0.015685
0.452389	0	0	13.5157	-0.0243473	-0.281965	0.390249	-0.0286008	0.0547309	0.0410168	-0.0760671	-0.281965	0.390249	-0.0286008	-0.0243473	0.0547309	0.0410168	-0.0760671	-0.103573	0.0249445	0.021646	0.115321	-0.0137951	0.0547309	0.0410168	-0.0760671	-0.0243473	-0.281965	0.390249	-0.0286008	0.0547309	0.0410168	-0.0760671	-0.281965	0.390249	-0.0286008	-0.0243473
0.452389	0	0	15.5809	-0.0366837	0.312292	0.122531	-0.0448399	0.047817	0.0386516	-0.217835	0.312292	0.122531	-0.0448399	-0.0366837	0.047817	0.0386516	-0.217835	-0.569314	0.0258906	0.0229447	0.0762177	-0.0189524	0.047817	0.0386516	-0.217835	-0.0366837	0.312292	0.122531	-0.0448399	0.047817	0.0386516	-0.217835	0.312292	0.122531	-0.0448399	-0.0366837
0.452389	0	0	16.4446	-0.0243488	0.104753	0.056223	-0.0304594	0.0256576	0.0211798	-0.293933	0.104753	0.056223	-0.0304594	-0.0243488	0.0256576	0.0211798	-0.293933	0.765091	0.0146192	0.0130475	0.0384226	-0.0119837	0.0256576	0.0211798	-0.293933	-0.0243488	0.104753	0.056223	-0.0304594	0.0256576	0.0211798	-0.293933	0.104753	0.056223	-0.0304594	-0.0243488
0.452389	0	0	20.2814	-0.184991	0.145658	0.112828	-0.293408	0.0714293	0.0625097	0.268366	0.145658	0.112828	-0.293408	-0.184991	0.0714293	0.0625097	0.268366	0.205427	0.0473164	0.0432302	0.0920749	-0.0637786	0.0714293	0.0625097	0.268366	-0.184991	0.145658	0.112828	-0.293408	0.0714293	0.0625097	0.268366	0.145658	0.112828	-0.293408	-0.184991
0.452389	0	0	24.0651	-0.377318	0.0304969	0.0259338	0.320658	0.0187282	0.0169019	0.0421515	0.0304969	0.0259338	0.320658	-0.377318	0.0187282	0.0169019	0.0421515	0.037008	0.0135134	0.012536	0.0225585	-0.0309389	0.0187282	0.0169019	0.0421515	-0.377318	0.0304969	0.0259338	0.320658	0.0187282	0.0169019	0.0421515	0.0304969	0.0259338	0.320658	-0.377318
0.477522	0	0	1.08005	-0.00868645	-0.0156202	-0.0175282	-0.00924607	-0.0285848	-0.0356953	-0.0126393	-0.0156202	-0.0175282	-0.00924607	-0.00868645	-0.0285848	-0.0356953	-0.0126393	-0.014087	-0.168134	0.979409	-0.0199672	-0.00627919	-0.0285848	-0.0356953	-0.0126393	-0.00868645	-0.0156202	-0.0175282	-0.00924607	-0.0285848	-0.0356953	-0.0126393	-0.0156202	-0.0175282	-0.00924607	-0.00868645
0.477522	0	0	2.57048	-0.0112588	-0.0213838	-0.0243727	-0.0120358	-0.0437273	-0.0583633	-0.0168948	-0.0213838	-0.0243727	-0.0120358	-0.0112588	-0.0437273	-0.0583633	-0.0168948	-0.0190481	0.974264	0.147899	-0.028333	-0.00799103	-0.0437273	-0.0583633	-0.0168948	-0.0112588	-0.0213838	-0.0243727	-0.0120358	-0.0437273	-0.0583633	-0.0168948	-0.0213838	-0.0243727	-0.0120358	-0.0112588
0.477522	0	0	7.39732	-0.0126938	-0.0320438	-0.0404529	-0.0138328	-0.239369	0.432994	-0.0220933	-0.0320438	-0.0404529	-0.0138328	-0.0126938	-0.239369	0.432994	-0.0220933	-0.0265296	0.04376	0.0340842	-0.0548458	-0.00834285	-0.239369	0.432994	-0.0220933	-0.0126938	-0.0320438	-0.0404529	-0.0138328	-0.239369	0.432994	-0.0220933	-0.0320438	-0.0404529	-0.0138328	-0.0126938
0.477522	0	0	9.54197	-0.0315701	-0.101197	-0.144723	-0.0348384	0.399779	0.182703	-0.0612712	-0.101197	-0.144723	-0.0348384	-0.0315701	0.399779	0.182703	-0.0612712	-0.0778006	0.067184	0.0560022	-0.25395	-0.0198029	0.399779	0.182703	-0.0612712	-0.0315701	-0.101197	-0.144723	-0.0348384	0.399779	0.182703	-0.0612712	-0.101197	-0.144723	-0.0348384	-0.0315701
0.477522	0	0	11.6438	-0.013343	-0.0656958	-0.141298	-0.0149695	0.0534383	0.0372334	-0.030425	-0.0656958	-0.141298	-0.0149695	-0.013343	0.0534383	0.0372334	-0.030425	-0.0427986	0.0189941	0.0164494	0.937055	-0.00790348	0.0534383	0.0372334	-0.030425	-0.013343	-0.0656958	-0.141298	-0.0149695	0.0534383	0.0372334	-0.030425	-0.0656958	-0.141298	-0.0149695	-0.013343
0.477522	0	0	13.525	-0.0211521	-0.29529	0.38481	-0.0242176	0.0464003	0.0363151	-0.0611463	-0.29529	0.38481	-0.0242176	-0.0211521	0.0464003	0.0363151	-0.0611463	-0.106712	0.0215101	0.0190567	0.116498	-0.0117395	0.0464003	0.0363151	-0.0611463	-0.0211521	-0.29529	0.38481	-0.0242176	0.0464003	0.0363151	-0.0611463	-0.29529	0.38481	-0.0242176	-0.0211521
0.477522	0	0	15.4054	-0.0298713	0.267447	0.113454	-0.0352081	0.0401849	0.0333779	-0.137803	0.267447	0.113454	-0.0352081	-0.0298713	0.0401849	0.0333779	-0.137803	-0.748818	0.0217246	0.0195672	0.0719986	-0.0152396	0.0401849	0.0333779	-0.137803	-0.0298713	0.267447	0.113454	-0.0352081	0.0401849	0.0333779	-0.137803	0.267447	0.113454	-0.0352081	-0.0298713
0.477522	0	0	16.3852	-0.0420201	0.17567	0.102944	-0.0505636	0.0445458	0.0377781	-0.331044	0.17567	0.102944	-0.0505636	-0.0420201	0.0445458	0.0377781	-0.331044	0.598312	0.0255068	0.0231338	0.0728036	-0.0202973	0.0445458	0.0377781	-0.331044	-0.0420201	0.17567	0.102944	-0.0505636	0.0445458	0.0377781	-0.331044	0.17567	0.102944	-0.0505636	-0.0420201
0.477522	0	0	20.4849	-0.191607	0.138575	0.112207	-0.283812	0.0700183	0.062587	0.282311	0.138575	0.112207	-0.283812	-0.191607	0.0700183	0.062587	0.282311	0.181136	0.0468436	0.0433964	0.0942697	-0.0626616	0.0700183	0.062587	0.282311	-0.191607	0.138575	0.112207	-0.283812	0.0700183	0.062587	0.282311	0.138575	0.112207	-0.283812	-0.191607
0.477522	0	0	24.2553	-0.374124	0.0253794	0.0221534	0.326372	0.0157956	0.014483	0.0370773	0.0253794	0.0221534	0.326372	-0.374124	0.0157956	0.014483	0.0370773	0.0297044	0.0114658	0.0107581	0.0196551	-0.0256339	0.0157956	0.014483	0.0370773	-0.374124	0.0253794	0.0221534	0.326372	0.0157956	0.014483	0.0370773	0.0253794	0.0221534	0.326372	-0.374124
0.502655	0	0	1.16512	-0.00828097	-0.0151616	-0.0167038	-0.00872065	-0.0281614	-0.0339902	-0.0118731	-0.0151616	-0.0167038	-0.00872065	-0.00828097	-0.0281614	-0.0339902	-0.0118731	-0.0138803	-0.197508	0.974395	-0.0185952	-0.00590065	-0.0281614	-0.0339902	-0.0118731	-0.00828097	-0.0151616	-0.0167038	-0.00872065	-0.0281614	-0.0339902	-0.0118731	-0.0151616	-0.0167038	-0.00872065	-0.00828097
0.502655	0	0	2.43515	-0.0115749	-0.0222312	-0.0247645	-0.012226	-0.0455064	-0.0575589	-0.0170109	-0.0222312	-0.0247645	-0.012226	-0.0115749	-0.0455064	-0.0575589	-0.0170109	-0.0201683	0.969009	0.177512	-0.0279494	-0.0081166	-0.0455064	-0.0575589	-0.0170109	-0.0115749	-0.0222312	-0.0247645	-0.012226	-0.0455064	-0.0575589	-0.0170109	-0.0222312	-0.0247645	-0.012226	-0.0115749
0.502655	0	0	7.43141	-0.0109537	-0.0284872	-0.03465	-0.0117577	-0.257315	0.424228	-0.0185757	-0.0284872	-0.03465	-0.0117577	-0.0109537	-0.257315	0.424228	-0.0185757	-0.024186	0.0365885	0.0297845	-0.0442155	-0.00708011	-0.257315	0.424228	-0.0185757	-0.0109537	-0.0284872	-0.03465	-0.0117577	-0.257315	0.424228	-0.0185757	-0.0284872	-0.03465	-0.0117577	-0.0109537
0.502655	0	0	9.48881	-0.0329311	-0.108688	-0.14601	-0.0356952	0.390883	0.203661	-0.0615157	-0.108688	-0.14601	-0.0356952	-0.0329311	0.390883	0.203661	-0.0615157	-0.0865637	0.0698456	0.0599912	-0.222369	-0.0203332	0.390883	0.203661	-0.0615157	-0.0329311	-0.108688	-0.14601	-0.0356952	0.390883	0.203661	-0.0615157	-0.108688	-0.14601	-0.0356952	-0.0329311
0.502655	0	0	11.9443	-0.011195	-0.0650454	-0.139727	-0.012329	0.0388939	0.0294741	-0.0249846	-0.0650454	-0.139727	-0.012329	-0.011195	0.0388939	0.0294741	-0.0249846	-0.0423911	0.014971	0.013331	0.943191	-0.00644909	0.0388939	0.0294741	-0.0249846	-0.011195	-0.0650454	-0.139727	-0.012329	0.0388939	0.0294741	-0.0249846	-0.0650454	-0.139727	-0.012329	-0.011195
0.502655	0	0	13.5307	-0.0177625	-0.307212	0.378964	-0.0198392	0.0381477	0.0311451	-0.0477638	-0.307212	0.378964	-0.0198392	-0.0177625	0.0381477	0.0311451	-0.0477638	-0.109311	0.0179588	0.0162399	0.117197	-0.00966667	0.0381477	0.0311451	-0.0477638	-0.0177625	-0.307212	0.378964	-0.0198392	0.0381477	0.0311451	-0.0477638	-0.307212	0.378964	-0.0198392	-0.0177625
0.502655	0	0	15.1428	-0.0217857	0.227084	0.100067	-0.0248059	0.0309104	0.0263565	-0.0808734	0.227084	0.100067	-0.0248059	-0.0217857	0.0309104	0.0263565	-0.0808734	-0.843689	0.0165839	0.015177	0.0641727	-0.0110353	0.0309104	0.0263565	-0.0808734	-0.0217857	0.227084	0.100067	-0.0248059	0.0309104	0.0263565	-0.0808734	0.227084	0.100067	-0.0248059	-0.0217857
0.502655	0	0	16.4205	-0.0549061	0.212211	0.137748	-0.0638325	0.0573107	0.0500098	-0.341352	0.212211	0.137748	-0.0638325	-0.0549061	0.0573107	0.0500098	-0.341352	0.461828	0.0331288	0.0305506	0.101969	-0.0259127	0.0573107	0.0500098	-0.341352	-0.0549061	0.212211	0.137748	-0.0638325	0.0573107	0.0500098	-0.341352	0.212211	0.137748	-0.0638325	-0.0549061
0.502655	0	0	20.7012	-0.197772	0.131331	0.110837	-0.274074	0.0682418	0.06226	0.294919	0.131331	0.110837	-0.274074	-0.197772	0.0682418	0.06226	0.294919	0.161117	0.0460974	0.043288	0.0958758	-0.0612772	0.0682418	0.06226	0.294919	-0.197772	0.131331	0.110837	-0.274074	0.0682418	0.06226	0.294919	0.131331	0.110837	-0.274074	-0.197772
0.502655	0	0	24.4537	-0.370868	0.0205296	0.0183748	0.331705	0.0129416	0.0120508	0.0316711	0.0205296	0.0183748	0.331705	-0.370868	0.0129416	0.0120508	0.0316711	0.0232564	0.00944913	0.00896525	0.0166295	-0.0206647	0.0129416	0.0120508	0.0316711	-0.370868	0.0205296	0.0183748	0.331705	0.0129416	0.0120508	0.0316711	0.0205296	0.0183748	0.331705	-0.370868
0.527788	0	0	1.25166	-0.00771455	-0.0143839	-0.0155532	-0.00803861	-0.0271322	-0.0316155	-0.0109011	-0.0143839	-0.0155532	-0.00803861	-0.00771455	-0.0271322	-0.0316155	-0.0109011	-0.0133783	-0.238597	0.96585	-0.0169294	-0.00541998	-0.0271322	-0.0316155	-0.0109011	-0.00771455	-0.0143839	-0.0155532	-0.00803861	-0.0271322	-0.0316155	-0.0109011	-0.0143839	-0.0155532	-0.00803861	-0.00771455
0.527788	0	0	2.30764	-0.0119609	-0.0232311	-0.0253045	-0.0124876	-0.0476144	-0.0572246	-0.0172309	-0.0232311	-0.0253045	-0.0124876	-0.0119609	-0.0476144	-0.0572246	-0.0172309	-0.021472	0.959958	0.218878	-0.0277842	-0.00828921	-0.0476144	-0.0572246	-0.0172309	-0.0119609	-0.0232311	-0.0253045	-0.0124876	-0.0476144	-0.0572246	-0.0172309	-0.0232311	-0.0253045	-0.0124876	-0.0119609
0.527788	0	0	7.46116	-0.00902632	-0.0241805	-0.0283142	-0.00954648	-0.276205	0.4137	-0.0149219	-0.0241805	-0.0283142	-0.00954648	-0.00902632	-0.276205	0.4137	-0.0149219	-0.0211004	0.0293129	0.0249051	-0.0341527	-0.00574113	-0.276205	0.4137	-0.0149219	-0.00902632	-0.0241805	-0.0283142	-0.00954648	-0.276205	0.4137	-0.0149219	-0.0241805	-0.0283142	-0.00954648	-0.00902632
0.527788	0	0	9.44294	-0.0339871	-0.115576	-0.146068	-0.0362095	0.379322	0.2251	-0.0612426	-0.115576	-0.146068	-0.0362095	-0.0339871	0.379322	0.2251	-0.0612426	-0.0956186	0.071814	0.0635685	-0.198416	-0.0206664	0.379322	0.2251	-0.0612426	-0.0339871	-0.115576	-0.146068	-0.0362095	0.379322	0.2251	-0.0612426	-0.115576	-0.146068	-0.0362095	-0.0339871
0.527788	0	0	12.2523	-0.00911721	-0.0651493	-0.139934	-0.00985405	0.0278399	0.022664	-0.0199155	-0.0651493	-0.139934	-0.00985405	-0.00911721	0.0278399	0.022664	-0.0199155	-0.0424607	0.0114694	0.0104831	0.946131	-0.00510689	0.0278399	0.022664	-0.0199155	-0.00911721	-0.0651493	-0.139934	-0.00985405	0.0278399	0.022664	-0.0199155	-0.0651493	-0.139934	-0.00985405	-0.00911721
0.527788	0	0	13.5335	-0.0142511	-0.317807	0.372892	-0.0155417	0.0300481	0.0255701	-0.0358212	-0.317807	0.372892	-0.0155417	-0.0142511	0.0300481	0.0255701	-0.0358212	-0.111434	0.0143459	0.0132389	0.117508	-0.00761231	0.0300481	0.0255701	-0.0358212	-0.0142511	-0.317807	0.372892	-0.0155417	0.0300481	0.0255701	-0.0358212	-0.317807	0.372892	-0.0155417	-0.0142511
0.527788	0	0	14.8391	-0.0152438	0.19941	0.0896424	-0.0168178	0.023045	0.0201882	-0.0474328	0.19941	0.0896424	-0.0168178	-0.0152438	0.023045	0.0201882	-0.0474328	-0.888991	0.0122292	0.011375	0.0578166	-0.00768782	0.023045	0.0201882	-0.0474328	-0.0152438	0.19941	0.0896424	-0.0168178	0.023045	0.0201882	-0.0474328	0.19941	0.0896424	-0.0168178	-0.0152438
0.527788	0	0	16.5053	-0.0645197	0.226664	0.16278	-0.072632	0.0656462	0.0589462	-0.339366	0.226664	0.16278	-0.072632	-0.0645197	0.0656462	0.0589462	-0.339366	0.373044	0.038381	0.0359894	0.126989	-0.0296922	0.0656462	0.0589462	-0.339366	-0.0645197	0.226664	0.16278	-0.072632	0.0656462	0.0589462	-0.339366	0.226664	0.16278	-0.072632	-0.0645197
0.527788	0	0	20.9289	-0.203606	0.124115	0.108876	-0.264275	0.0662022	0.061603	0.306347	0.124115	0.108876	-0.264275	-0.203606	0.0662022	0.061603	0.306347	0.144311	0.0451397	0.0429531	0.0969699	-0.059693	0.0662022	0.061603	0.306347	-0.203606	0.124115	0.108876	-0.264275	0.0662022	0.061603	0.306347	0.124115	0.108876	-0.264275	-0.203606
0.527788	0	0	24.6602	-0.367549	0.0159401	0.0146141	0.336687	0.010172	0.00961525	0.025944	0.0159401	0.0146141	0.336687	-0.367549	0.010172	0.00961525	0.025944	0.0175303	0.00746916	0.00716456	0.0134918	-0.0160037	0.010172	0.00961525	0.025944	-0.367549	0.0159401	0.0146141	0.336687	0.010172	0.00961525	0.025944	0.0159401	0.0146141	0.336687	-0.367549
0.55292	0	0	1.33724	-0.00687072	-0.0130472	-0.0138414	-0.00708475	-0.0250031	-0.0280922	-0.00956952	-0.0130472	-0.0138414	-0.00708475	-0.00687072	-0.0250031	-0.0280922	-0.00956952	-0.0123393	-0.298922	0.949944	-0.0147387	-0.00476081	-0.0250031	-0.0280922	-0.00956952	-0.00687072	-0.0130472	-0.0138414	-0.00708475	-0.0250031	-0.0280922	-0.00956952	-0.0130472	-0.0138414	-0.00708475	-0.00687072
0.55292	0	0	2.19041	-0.0124537	-0.0244637	-0.0260684	-0.0128565	-0.0502303	-0.0574976	-0.0176016	-0.0244637	-0.0260684	-0.0128565	-0.0124537	-0.0502303	-0.0574976	-0.0176016	-0.0230454	0.94313	0.279597	-0.0278984	-0.0085323	-0.0502303	-0.0574976	-0.0176016	-0.0124537	-0.0244637	-0.0260684	-0.0128565	-0.0502303	-0.0574976	-0.0176016	-0.0244637	-0.0260684	-0.0128565	-0.0124537
0.55292	0	0	7.48557	-0.00692828	-0.0191115	-0.0215279	-0.00722208	-0.295739	0.401298	-0.0111705	-0.0191115	-0.0215279	-0.00722208	-0.00692828	-0.295739	0.401298	-0.0111705	-0.0171831	0.0219482	0.019442	-0.0246439	-0.00433886	-0.295739	0.401298	-0.0111705	-0.00692828	-0.0191115	-0.0215279	-0.00722208	-0.295739	0.401298	-0.0111705	-0.0191115	-0.0215279	-0.00722208	-0.00692828
0.55292	0	0	9.40674	-0.034776	-0.121983	-0.14523	-0.0364384	0.365332	0.246946	-0.060575	-0.121983	-0.14523	-0.0364384	-0.034776	0.365332	0.246946	-0.060575	-0.105155	0.0731405	0.0667354	-0.179424	-0.0208329	0.365332	0.246946	-0.060575	-0.034776	-0.121983	-0.14523	-0.0364384	0.365332	0.246946	-0.060575	-0.121983	-0.14523	-0.0364384	-0.034776
0.55292	0	0	12.5662	-0.00702149	-0.0658457	-0.141533	-0.00744599	0.0190508	0.0164982	-0.01501	-0.0658457	-0.141533	-0.00744599	-0.00702149	0.0190508	0.0164982	-0.01501	-0.0429058	0.00832158	0.00779478	0.946934	-0.00382361	0.0190508	0.0164982	-0.01501	-0.00702149	-0.0658457	-0.141533	-0.00744599	0.0190508	0.0164982	-0.01501	-0.0658457	-0.141533	-0.00744599	-0.00702149
0.55292	0	0	13.5345	-0.010677	-0.327163	0.366736	-0.0113795	0.0221547	0.0196385	-0.0251994	-0.327163	0.366736	-0.0113795	-0.010677	0.0221547	0.0196385	-0.0251994	-0.113139	0.0107146	0.0100894	0.117507	-0.00560289	0.0221547	0.0196385	-0.0251994	-0.010677	-0.327163	0.366736	-0.0113795	0.0221547	0.0196385	-0.0251994	-0.327163	0.366736	-0.0113795	-0.010677
0.55292	0	0	14.5182	-0.0101789	0.180935	0.0823001	-0.0109146	0.0164678	0.0148482	-0.0274551	0.180935	0.0823001	-0.0109146	-0.0101789	0.0164678	0.0148482	-0.0274551	-0.912732	0.00862649	0.00816022	0.0532638	-0.00511798	0.0164678	0.0148482	-0.0274551	-0.0101789	0.180935	0.0823001	-0.0109146	0.0164678	0.0148482	-0.0274551	0.180935	0.0823001	-0.0109146	-0.0101789
0.55292	0	0	16.6164	-0.072416	0.230816	0.182134	-0.0790427	0.0715185	0.0660485	-0.333171	0.230816	0.182134	-0.0790427	-0.072416	0.0715185	0.0660485	-0.333171	0.314993	0.0423149	0.0403383	0.15041	-0.032475	0.0715185	0.0660485	-0.333171	-0.072416	0.230816	0.182134	-0.0790427	0.0715185	0.0660485	-0.333171	0.230816	0.182134	-0.0790427	-0.072416
0.55292	0	0	21.1669	-0.209197	0.117043	0.106447	-0.254458	0.0639743	0.0606731	0.316708	0.117043	0.106447	-0.254458	-0.209197	0.0639743	0.0606731	0.316708	0.129979	0.0440167	0.0424283	0.0976098	-0.0579578	0.0639743	0.0606731	0.316708	-0.209197	0.117043	0.106447	-0.254458	0.0639743	0.0606731	0.316708	0.117043	0.106447	-0.254458	-0.209197
0.55292	0	0	24.8746	-0.364163	0.0116019	0.010885	0.341343	0.00749056	0.00718502	0.0199051	0.0116019	0.010885	0.341343	-0.364163	0.00749056	0.00718502	0.0199051	0.0124198	0.00553067	0.0053623	0.0102515	-0.0116267	0.00749056	0.00718502	0.0199051	-0.364163	0.0116019	0.010885	0.341343	0.00749056	0.00718502	0.0199051	0.0116019	0.010885	0.341343	-0.364163
0.578053	0	0	1.41667	-0.00552039	-0.0106753	-0.0111075	-0.0056337	-0.0207839	-0.0224874	-0.00757899	-0.0106753	-0.0111075	-0.0056337	-0.00552039	-0.0207839	-0.0224874	-0.00757899	-0.0102756	-0.391444	0.917245	-0.0115762	-0.00377393	-0.0207839	-0.0224874	-0.00757899	-0.00552039	-0.0106753	-0.0111075	-0.0056337	-0.0207839	-0.0224874	-0.00757899	-0.0106753	-0.0111075	-0.0056337	-0.00552039
0.578053	0	0	2.08863	-0.0130868	-0.0260095	-0.0271256	-0.0133634	-0.0535515	-0.0585081	-0.0181628	-0.0260095	-0.0271256	-0.0133634	-0.0130868	-0.0535515	-0.0585081	-0.0181628	-0.0249819	0.908828	0.372818	-0.0283418	-0.00886552	-0.0535515	-0.0585081	-0.0181628	-0.0130868	-0.0260095	-0.0271256	-0.0133634	-0.0535515	-0.0585081	-0.0181628	-0.0260095	-0.0271256	-0.0133634	-0.0130868
0.578053	0	0	7.50369	-0.00469118	-0.0133179	-0.014423	-0.00482125	-0.31549	0.387015	-0.00738021	-0.0133179	-0.014423	-0.00482125	-0.00469118	-0.31549	0.387015	-0.00738021	-0.0123703	0.0145459	0.0134226	-0.0157282	-0.00289441	-0.31549	0.387015	-0.00738021	-0.00469118	-0.0133179	-0.014423	-0.00482125	-0.31549	0.387015	-0.00738021	-0.0133179	-0.014423	-0.00482125	-0.00469118
0.578053	0	0	9.3819	-0.0353067	-0.127936	-0.143639	-0.0364045	0.349103	0.268891	-0.0595654	-0.127936	-0.143639	-0.0364045	-0.0353067	0.349103	0.268891	-0.0595654	-0.115332	0.0738261	0.0694452	-0.163736	-0.0208438	0.349103	0.268891	-0.0595654	-0.0353067	-0.127936	-0.143639	-0.0364045	0.349103	0.268891	-0.0595654	-0.127936	-0.143639	-0.0364045	-0.0353067
0.578053	0	0	12.8849	-0.00484036	-0.0670374	-0.144299	-0.00503493	0.0117761	0.0107637	-0.0101237	-0.0670374	-0.144299	-0.00503493	-0.00484036	0.0117761	0.0107637	-0.0101237	-0.0436651	0.00541265	0.00518835	0.94612	-0.00256219	0.0117761	0.0107637	-0.0101237	-0.00484036	-0.0670374	-0.144299	-0.00503493	0.0117761	0.0107637	-0.0101237	-0.0670374	-0.144299	-0.00503493	-0.00484036
0.578053	0	0	13.5343	-0.00708761	-0.335377	0.360607	-0.00738887	0.0145029	0.0133857	-0.0157715	-0.335377	0.360607	-0.00738887	-0.00708761	0.0145029	0.0133857	-0.0157715	-0.114485	0.00709799	0.00681943	0.117262	-0.003657	0.0145029	0.0133857	-0.0157715	-0.00708761	-0.335377	0.360607	-0.00738887	0.0145029	0.0133857	-0.0157715	-0.335377	0.360607	-0.00738887	-0.00708761
0.578053	0	0	14.1908	-0.00614748	0.168227	0.0770998	-0.00642487	0.010665	0.00992154	-0.0147439	0.168227	0.0770998	-0.00642487	-0.00614748	0.010665	0.00992154	-0.0147439	-0.926509	0.00550705	0.00530191	0.0500099	-0.00308397	0.010665	0.00992154	-0.0147439	-0.00614748	0.168227	0.0770998	-0.00642487	0.010665	0.00992154	-0.0147439	0.168227	0.0770998	-0.00642487	-0.00614748
0.578053	0	0	16.7439	-0.0792941	0.230045	0.197879	-0.0839988	0.0758751	0.072014	-0.325483	0.230045	0.197879	-0.0839988	-0.0792941	0.0758751	0.072014	-0.325483	0.274682	0.0454295	0.0440165	0.173604	-0.0346463	0.0758751	0.072014	-0.325483	-0.0792941	0.230045	0.197879	-0.0839988	0.0758751	0.072014	-0.325483	0.230045	0.197879	-0.0839988	-0.0792941
0.578053	0	0	21.4144	-0.214614	0.110181	0.103645	-0.244653	0.0616141	0.0595153	0.326091	0.110181	0.103645	-0.244653	-0.214614	0.0616141	0.0595153	0.326091	0.117594	0.0427641	0.0417424	0.0978409	-0.0561076	0.0616141	0.0595153	0.326091	-0.214614	0.110181	0.103645	-0.244653	0.0616141	0.0595153	0.326091	0.110181	0.103645	-0.244653	-0.214614
0.578053	0	0	25.0966	-0.360706	0.0075054	0.00719918	0.345694	0.00490011	0.00476771	0.0135626	0.0075054	0.00719918	0.345694	-0.360706	0.00490011	0.00476771	0.0135626	0.00783872	0.00363746	0.00356399	0.00691696	-0.00751222	0.00490011	0.00476771	0.0135626	-0.360706	0.0075054	0.00719918	0.345694	0.00490011	0.00476771	0.0135626	0.0075054	0.00719918	0.345694	-0.360706
0.603186	0	0	1.47872	-0.0032781	-0.00645162	-0.00658166	-0.00331132	-0.0127486	-0.0132666	-0.00443588	-0.00645162	-0.00658166	-0.00331132	-0.0032781	-0.0127486	-0.0132666	-0.00443588	-0.00632669	-0.5319	0.845656	-0.00671706	-0.00221215	-0.0127486	-0.0132666	-0.00443588	-0.0032781	-0.00645162	-0.00658166	-0.00331132	-0.0127486	-0.0132666	-0.00443588	-0.00645162	-0.00658166	-0.00331132	-0.0032781
0.603186	0	0	2.01356	-0.0137896	-0.0277525	-0.0283381	-0.0139325	-0.0574141	-0.0599784	-0.0188115	-0.0277525	-0.0283381	-0.0139325	-0.0137896	-0.0574141	-0.0599784	-0.0188115	-0.0271909	0.834616	0.514717	-0.028949	-0.00923702	-0.0574141	-0.0599784	-0.0188115	-0.0137896	-0.0277525	-0.0283381	-0.0139325	-0.0574141	-0.0599784	-0.0188115	-0.0277525	-0.0283381	-0.0139325	-0.0137896
0.603186	0	0	7.51483	-0.0023621	-0.0068964	-0.00717761	-0.0023942	-0.334942	0.370999	-0.00362768	-0.0068964	-0.00717761	-0.0023942	-0.0023621	-0.334942	0.370999	-0.00362768	-0.00663655	0.00719259	0.00691023	-0.00748273	-0.00143673	-0.334942	0.370999	-0.00362768	-0.0023621	-0.0068964	-0.00717761	-0.0023942	-0.334942	0.370999	-0.00362768	-0.0068964	-0.00717761	-0.0023942	-0.0023621
0.603186	0	0	9.36956	-0.0355758	-0.133416	-0.14135	-0.0361159	0.330904	0.290466	-0.0582369	-0.133416	-0.14135	-0.0361159	-0.0355758	0.330904	0.290466	-0.0582369	-0.12633	0.0738587	0.0716328	-0.150288	-0.020703	0.330904	0.290466	-0.0582369	-0.0355758	-0.133416	-0.14135	-0.0361159	0.330904	0.290466	-0.0582369	-0.133416	-0.14135	-0.0361159	-0.0355758
0.603186	0	0	13.2075	-0.0025171	-0.0686673	-0.148109	-0.00256754	0.00553385	0.00530456	-0.00514908	-0.0686673	-0.148109	-0.00256754	-0.0025171	0.00553385	0.00530456	-0.00514908	-0.0447038	0.00265975	0.00260562	0.943921	-0.00129501	0.00553385	0.00530456	-0.00514908	-0.0025171	-0.0686673	-0.148109	-0.00256754	0.00553385	0.00530456	-0.00514908	-0.0686673	-0.148109	-0.00256754	-0.0025171
0.603186	0	0	13.5337	-0.00351944	-0.342537	0.354591	-0.00359194	0.00711434	0.00683524	-0.00741175	-0.342537	0.354591	-0.00359194	-0.00351944	0.00711434	0.00683524	-0.00741175	-0.115534	0.00352061	0.00345088	0.116827	-0.00178694	0.00711434	0.00683524	-0.00741175	-0.00351944	-0.342537	0.354591	-0.00359194	0.00711434	0.00683524	-0.00741175	-0.342537	0.354591	-0.00359194	-0.00351944
0.603186	0	0	13.8616	-0.00282505	0.159267	0.0733598	-0.00288492	0.00526079	0.00506487	-0.00614165	0.159267	0.0733598	-0.00288492	-0.00282505	0.00526079	0.00506487	-0.00614165	-0.935036	0.00267457	0.00262298	0.0476551	-0.00141466	0.00526079	0.00506487	-0.00614165	-0.00282505	0.159267	0.0733598	-0.00288492	0.00526079	0.00506487	-0.00614165	0.159267	0.0733598	-0.00288492	-0.00282505
0.603186	0	0	16.8834	-0.0854582	0.226709	0.210979	-0.0879273	0.0791653	0.0771566	-0.31724	0.226709	0.210979	-0.0879273	-0.0854582	0.0791653	0.0771566	-0.31724	0.24496	0.0479556	0.047211	0.197291	-0.0363828	0.0791653	0.0771566	-0.31724	-0.0854582	0.226709	0.210979	-0.0879273	0.0791653	0.0771566	-0.31724	0.226709	0.210979	-0.0879273	-0.0854582
0.603186	0	0	21.6707	-0.219912	0.103566	0.100547	-0.234873	0.0591638	0.0581662	0.33457	0.103566	0.100547	-0.234873	-0.219912	0.0591638	0.0581662	0.33457	0.106769	0.04141	0.0409188	0.0976997	-0.0541696	0.0591638	0.0581662	0.33457	-0.219912	0.103566	0.100547	-0.234873	0.0591638	0.0581662	0.33457	0.103566	0.100547	-0.234873	-0.219912
0.603186	0	0	25.3261	-0.357171	0.00364052	0.00356698	0.34976	0.00240233	0.00237008	0.00692349	0.00364052	0.00356698	0.34976	-0.357171	0.00240233	0.00237008	0.00692349	0.00371711	0.00179263	0.00177461	0.00349635	-0.00364132	0.00240233	0.00237008	0.00692349	-0.357171	0.00364052	0.00356698	0.34976	0.00240233	0.00237008	0.00692349	0.00364052	0.00356698	0.34976	-0.357171
